9.460800000000000000e+10 3.091454512121708954e+19 5.765381491743988590e+05
1.892160000000000000e+11 3.096938806205780378e+19 5.796860819456427125e+05
2.838240000000000000e+11 3.102452785837344358e+19 5.828238237320384942e+05
3.784320000000000000e+11 3.107996354231376282e+19 5.859513354084317107e+05
4.730400000000000000e+11 3.113569414235886797e+19 5.890685781869092025e+05
5.676480000000000000e+11 3.119171868335108506e+19 5.921755136163593270e+05
6.622560000000000000e+11 3.124803618652677325e+19 5.952721035820394754e+05
7.568640000000000000e+11 3.130464566954812211e+19 5.983583103051512735e+05
8.514720000000000000e+11 3.136154614653488742e+19 6.014340963424246293e+05
9.460800000000000000e+11 3.141873662809609421e+19 6.044994245857108617e+05
1.040688000000000000e+12 3.147621612136170701e+19 6.075542582615863066e+05
1.135296000000000000e+12 3.153398363001426330e+19 6.105985609309659339e+05
1.229904000000000000e+12 3.159203815432047002e+19 6.136322964887283742e+05
1.324512000000000000e+12 3.165037869116275507e+19 6.166554291633524699e+05
1.419120000000000000e+12 3.170900423407081062e+19 6.196679235165667487e+05
1.513728000000000000e+12 3.176791377325307494e+19 6.226697444430108881e+05
1.608336000000000000e+12 3.182710629562820608e+19 6.256608571699112654e+05
1.702944000000000000e+12 3.188658078485651456e+19 6.286412272567703621e+05
1.797552000000000000e+12 3.194633622137137152e+19 6.316108205950700212e+05
1.892160000000000000e+12 3.200637158241059635e+19 6.345696034079903038e+05
1.986768000000000000e+12 3.206668584204779930e+19 6.375175422501433641e+05
2.081376000000000000e+12 3.212727797122372403e+19 6.404546040073229233e+05
2.175984000000000000e+12 3.218814693777755750e+19 6.433807558962703915e+05
2.270592000000000000e+12 3.224929170647821926e+19 6.462959654644572875e+05
2.365200000000000000e+12 3.231071123905562624e+19 6.492002005898845382e+05
2.459808000000000000e+12 3.237240449423195341e+19 6.520934294808995910e+05
2.554416000000000000e+12 3.243437042775286989e+19 6.549756206760307541e+05
2.649024000000000000e+12 3.249660799241876275e+19 6.578467430438399315e+05
2.743632000000000000e+12 3.255911613811594035e+19 6.607067657827935182e+05
2.838240000000000000e+12 3.262189381184784794e+19 6.635556584211515728e+05
2.932848000000000000e+12 3.268493995776625050e+19 6.663933908168765483e+05
3.027456000000000000e+12 3.274825351720241971e+19 6.692199331575606484e+05
3.122064000000000000e+12 3.281183342869831680e+19 6.720352559603726259e+05
3.216672000000000000e+12 3.287567862803777126e+19 6.748393300720242551e+05
3.311280000000000000e+12 3.293978804827764736e+19 6.776321266687563621e+05
3.405888000000000000e+12 3.300416061977903514e+19 6.804136172563449945e+05
3.500496000000000000e+12 3.306879527023841690e+19 6.831837736701272661e+05
3.595104000000000000e+12 3.313369092471886234e+19 6.859425680750478059e+05
3.689712000000000000e+12 3.319884650568120320e+19 6.886899729657253483e+05
3.784320000000000000e+12 3.326426093301524890e+19 6.914259611665392295e+05
3.878928000000000000e+12 3.332993312407097754e+19 6.941505058317373041e+05
3.973536000000000000e+12 3.339586199368977203e+19 6.968635804455633042e+05
4.068144000000000000e+12 3.346204645423564390e+19 6.995651588224052684e+05
4.162752000000000000e+12 3.352848541562648166e+19 7.022552151069644606e+05
4.257360000000000000e+12 3.359517778536533606e+19 7.049337237744446611e+05
4.351968000000000000e+12 3.366212246857168486e+19 7.076006596307620639e+05
4.446576000000000000e+12 3.372931836801275494e+19 7.102559978127753129e+05
4.541184000000000000e+12 3.379676438413486080e+19 7.128997137885362608e+05
4.635792000000000000e+12 3.386445941509475123e+19 7.155317833575608674e+05
4.730400000000000000e+12 3.393240235679100928e+19 7.181521826511201216e+05
4.825008000000000000e+12 3.400059210289545216e+19 7.207608881325511029e+05
4.919616000000000000e+12 3.406902754488459674e+19 7.233578765975879505e+05
5.014224000000000000e+12 3.413770757207112499e+19 7.259431251747126225e+05
5.108832000000000000e+12 3.420663107163541094e+19 7.285166113255248638e+05
5.203440000000000000e+12 3.427579692865706394e+19 7.310783128451321973e+05
5.298048000000000000e+12 3.434520402614652518e+19 7.336282078625579597e+05
5.392656000000000000e+12 3.441485124507669709e+19 7.361662748411695939e+05
5.487264000000000000e+12 3.448473746441462170e+19 7.386924925791245187e+05
5.581872000000000000e+12 3.455486156115319194e+19 7.412068402098345105e+05
5.676480000000000000e+12 3.462522241034292019e+19 7.437092972024488263e+05
5.771088000000000000e+12 3.469581888512374784e+19 7.461998433623544406e+05
5.865696000000000000e+12 3.476664985675689574e+19 7.486784588316938607e+05
5.960304000000000000e+12 3.483771419465679258e+19 7.511451240899001714e+05
6.054912000000000000e+12 3.490901076642302362e+19 7.535998199542491930e+05
6.149520000000000000e+12 3.498053843787235328e+19 7.560425275804271223e+05
6.244128000000000000e+12 3.505229607307079270e+19 7.584732284631151706e+05
6.338736000000000000e+12 3.512428253436572877e+19 7.608919044365891023e+05
6.433344000000000000e+12 3.519649668241811866e+19 7.632985376753343735e+05
6.527952000000000000e+12 3.526893737623472128e+19 7.656931106946758227e+05
6.622560000000000000e+12 3.534160347320041472e+19 7.680756063514219131e+05
6.717168000000000000e+12 3.541449382911057101e+19 7.704460078445224790e+05
6.811776000000000000e+12 3.548760729820346778e+19 7.728042987157400930e+05
6.906384000000000000e+12 3.556094273319281050e+19 7.751504628503343556e+05
7.000992000000000000e+12 3.563449898530028339e+19 7.774844844777585240e+05
7.095600000000000000e+12 3.570827490428817408e+19 7.798063481723678997e+05
7.190208000000000000e+12 3.578226933849208832e+19 7.821160388541397406e+05
7.284816000000000000e+12 3.585648113485370163e+19 7.844135417894037673e+05
7.379424000000000000e+12 3.593090913895360512e+19 7.866988425915832631e+05
7.474032000000000000e+12 3.600555219504422093e+19 7.889719272219456034e+05
7.568640000000000000e+12 3.608040914608276685e+19 7.912327819903619820e+05
7.663248000000000000e+12 3.615547883376431923e+19 7.934813935560757527e+05
7.757856000000000000e+12 3.623076009855494554e+19 7.957177489284782205e+05
7.852464000000000000e+12 3.630625177972489011e+19 7.979418354678928154e+05
7.947072000000000000e+12 3.638195271538186650e+19 8.001536408863647375e+05
8.041680000000000000e+12 3.645786174250439475e+19 8.023531532484574709e+05
8.136288000000000000e+12 3.653397769697523712e+19 8.045403609720546519e+05
8.230896000000000000e+12 3.661029941361489920e+19 8.067152528291665949e+05
8.325504000000000000e+12 3.668682572621520486e+19 8.088778179467407754e+05
8.420112000000000000e+12 3.676355546757295718e+19 8.110280458074761555e+05
8.514720000000000000e+12 3.684048746952367718e+19 8.131659262506400701e+05
8.609328000000000000e+12 3.691762056297540813e+19 8.152914494728875579e+05
8.703936000000000000e+12 3.699495357794260582e+19 8.174046060290818568e+05
8.798544000000000000e+12 3.707248534358011085e+19 8.195053868331153644e+05
8.893152000000000000e+12 3.715021468821719450e+19 8.215937831587315304e+05
8.987760000000000000e+12 3.722814043939166618e+19 8.236697866403451189e+05
9.082368000000000000e+12 3.730626142388409139e+19 8.257333892738620052e+05
9.176976000000000000e+12 3.738457646775205069e+19 8.277845834174961783e+05
9.271584000000000000e+12 3.746308439636452147e+19 8.298233617925841827e+05
9.366192000000000000e+12 3.754178403443628442e+19 8.318497174843961839e+05
9.460800000000000000e+12 3.762067420606243635e+19 8.338636439429429593e+05
9.555408000000000000e+12 3.769975373475298509e+19 8.358651349837771850e+05
9.650016000000000000e+12 3.777902144346748518e+19 8.378541847887898330e+05
9.744624000000000000e+12 3.785847615464978842e+19 8.398307879069996998e+05
9.839232000000000000e+12 3.793811669026285978e+19 8.417949392553357175e+05
9.933840000000000000e+12 3.801794187182362624e+19 8.437466341194114648e+05
1.002844800000000000e+13 3.809795052043796480e+19 8.456858681542910635e+05
1.012305600000000000e+13 3.817814145683570688e+19 8.476126373852455290e+05
1.021766400000000000e+13 3.825851350140573286e+19 8.495269382084989920e+05
1.031227200000000000e+13 3.833906547423114854e+19 8.514287673919640947e+05
1.040688000000000000e+13 3.841979619512451072e+19 8.533181220759656280e+05
1.050148800000000000e+13 3.850070448366312653e+19 8.551949997739518294e+05
1.059609600000000000e+13 3.858178915922441830e+19 8.570593983731927583e+05
1.069070400000000000e+13 3.866304904102136218e+19 8.589113161354642361e+05
1.078531200000000000e+13 3.874448294813797581e+19 8.607507516977179330e+05
1.087992000000000000e+13 3.882608969956488806e+19 8.625777040727353888e+05
1.097452800000000000e+13 3.890786811423493325e+19 8.643921726497663185e+05
1.106913600000000000e+13 3.898981701105885184e+19 8.661941571951503865e+05
1.116374400000000000e+13 3.907193520896099942e+19 8.679836578529205872e+05
1.125835200000000000e+13 3.915422152691515392e+19 8.697606751453892794e+05
1.135296000000000000e+13 3.923667478398034739e+19 8.715252099737146636e+05
1.144756800000000000e+13 3.931929379933676339e+19 8.732772636184479343e+05
1.154217600000000000e+13 3.940207739232167526e+19 8.750168377400593599e+05
1.163678400000000000e+13 3.948502438246544179e+19 8.767439343794443412e+05
1.173139200000000000e+13 3.956813358952755200e+19 8.784585559584064176e+05
1.182600000000000000e+13 3.965140383353269453e+19 8.801607052801188547e+05
1.192060800000000000e+13 3.973483393480687616e+19 8.818503855295623653e+05
1.201521600000000000e+13 3.981842271401358950e+19 8.835276002739389660e+05
1.210982400000000000e+13 3.990216899219002163e+19 8.851923534630617360e+05
1.220443200000000000e+13 3.998607159078327091e+19 8.868446494297191966e+05
1.229904000000000000e+13 4.007012933168661299e+19 8.884844928900133818e+05
1.239364800000000000e+13 4.015434103727579955e+19 8.901118889436721802e+05
1.248825600000000000e+13 4.023870553044537344e+19 8.917268430743336212e+05
1.258286400000000000e+13 4.032322163464503296e+19 8.933293611498033861e+05
1.267747200000000000e+13 4.040788817391597978e+19 8.949194494222830981e+05
1.277208000000000000e+13 4.049270397292729958e+19 8.964971145285699749e+05
1.286668800000000000e+13 4.057766785701238374e+19 8.980623634902266786e+05
1.296129600000000000e+13 4.066277865220533453e+19 8.996152037137213629e+05
1.305590400000000000e+13 4.074803518527738675e+19 9.011556429905364057e+05
1.315051200000000000e+13 4.083343628377334579e+19 9.026836894972461741e+05
1.324512000000000000e+13 4.091898077604801741e+19 9.041993517955625430e+05
1.333972800000000000e+13 4.100466749130267034e+19 9.057026388323486317e+05
1.343433600000000000e+13 4.109049525962143334e+19 9.071935599395984318e+05
1.352894400000000000e+13 4.117646291200776602e+19 9.086721248343841871e+05
1.362355200000000000e+13 4.126256928042084762e+19 9.101383436187687330e+05
1.371816000000000000e+13 4.134881319781202330e+19 9.115922267796838423e+05
1.381276800000000000e+13 4.143519349816116019e+19 9.130337851887736470e+05
1.390737600000000000e+13 4.152170901651306906e+19 9.144630301022019703e+05
1.400198400000000000e+13 4.160835858901382758e+19 9.158799731604246190e+05
1.409659200000000000e+13 4.169514105294713651e+19 9.172846263879244216e+05
1.419120000000000000e+13 4.178205524677060198e+19 9.186770021929101786e+05
1.428580800000000000e+13 4.186910001015202611e+19 9.200571133669778937e+05
1.438041600000000000e+13 4.195627418400562381e+19 9.214249730847346364e+05
1.447502400000000000e+13 4.204357661052823962e+19 9.227805949033843353e+05
1.456963200000000000e+13 4.213100613323549082e+19 9.241239927622752730e+05
1.466424000000000000e+13 4.221856159699787776e+19 9.254551809824084630e+05
1.475884800000000000e+13 4.230624184807682867e+19 9.267741742659074953e+05
1.485345600000000000e+13 4.239404573416071987e+19 9.280809876954486826e+05
1.494806400000000000e+13 4.248197210440081408e+19 9.293756367336515104e+05
1.504267200000000000e+13 4.257001980944714957e+19 9.306581372224289225e+05
1.513728000000000000e+13 4.265818770148435558e+19 9.319285053822976770e+05
1.523188800000000000e+13 4.274647463426740224e+19 9.331867578116477234e+05
1.532649600000000000e+13 4.283487946315726848e+19 9.344329114859710680e+05
1.542110400000000000e+13 4.292340104515655270e+19 9.356669837570496602e+05
1.551571200000000000e+13 4.301203823894500147e+19 9.368889923521014862e+05
1.561032000000000000e+13 4.310078990491492352e+19 9.380989553728859173e+05
1.570492800000000000e+13 4.318965490520653824e+19 9.392968912947667995e+05
1.579953600000000000e+13 4.327863210374325043e+19 9.404828189657342155e+05
1.589414400000000000e+13 4.336772036626677760e+19 9.416567576053838711e+05
1.598875200000000000e+13 4.345691856037223629e+19 9.428187268038546899e+05
1.608336000000000000e+13 4.354622555554307277e+19 9.439687465207241476e+05
1.617796800000000000e+13 4.363564022318590362e+19 9.451068370838609990e+05
1.627257600000000000e+13 4.372516143666526618e+19 9.462330191882359795e+05
1.636718400000000000e+13 4.381478807133821338e+19 9.473473138946898980e+05
1.646179200000000000e+13 4.390451900458882662e+19 9.484497426286592381e+05
1.655640000000000000e+13 4.399435311586256486e+19 9.495403271788589191e+05
1.665100800000000000e+13 4.408428928670051533e+19 9.506190896959230304e+05
1.674561600000000000e+13 4.417432640077350502e+19 9.516860526910023764e+05
1.684022400000000000e+13 4.426446334391606477e+19 9.527412390343201114e+05
1.693483200000000000e+13 4.435469900416026214e+19 9.537846719536841847e+05
1.702944000000000000e+13 4.444503227176937882e+19 9.548163750329579925e+05
1.712404800000000000e+13 4.453546203927146496e+19 9.558363722104879562e+05
1.721865600000000000e+13 4.462598720149272166e+19 9.568446877774891909e+05
1.731326400000000000e+13 4.471660665559070310e+19 9.578413463763889158e+05
1.740787200000000000e+13 4.480731930108740403e+19 9.588263729991274886e+05
1.750248000000000000e+13 4.489812403990216704e+19 9.597997929854178801e+05
1.759708800000000000e+13 4.498901977638440960e+19 9.607616320209628902e+05
1.769169600000000000e+13 4.508000541734617088e+19 9.617119161356309196e+05
1.778630400000000000e+13 4.517107987209451110e+19 9.626506717015901813e+05
1.788091200000000000e+13 4.526224205246372250e+19 9.635779254314015852e+05
1.797552000000000000e+13 4.535349087284733542e+19 9.644937043760708766e+05
1.807012800000000000e+13 4.544482525022994432e+19 9.653980359230592148e+05
1.816473600000000000e+13 4.553624410421886157e+19 9.662909477942537051e+05
1.825934400000000000e+13 4.562774635707555840e+19 9.671724680438974174e+05
1.835395200000000000e+13 4.571933093374690099e+19 9.680426250564794755e+05
1.844856000000000000e+13 4.581099676189619814e+19 9.689014475445848657e+05
1.854316800000000000e+13 4.590274277193403597e+19 9.697489645467051305e+05
1.863777600000000000e+13 4.599456789704888320e+19 9.705852054250100628e+05
1.873238400000000000e+13 4.608647107323753267e+19 9.714101998630799353e+05
1.882699200000000000e+13 4.617845123933525606e+19 9.722239778635997791e+05
1.892160000000000000e+13 4.627050733704578662e+19 9.730265697460154770e+05
1.901620800000000000e+13 4.636263831097107251e+19 9.738180061441514408e+05
1.911081600000000000e+13 4.645484310864077619e+19 9.745983180037919665e+05
1.920542400000000000e+13 4.654712068054156083e+19 9.753675365802247543e+05
1.930003200000000000e+13 4.663946998014613094e+19 9.761256934357479913e+05
1.939464000000000000e+13 4.673188996394205184e+19 9.768728204371418105e+05
1.948924800000000000e+13 4.682437959146029056e+19 9.776089497531034285e+05
1.958385600000000000e+13 4.691693782530356838e+19 9.783341138516473584e+05
1.967846400000000000e+13 4.700956363117439386e+19 9.790483454974708147e+05
1.977307200000000000e+13 4.710225597790289920e+19 9.797516777492845431e+05
1.986768000000000000e+13 4.719501383747439002e+19 9.804441439571103547e+05
1.996228800000000000e+13 4.728783618505666560e+19 9.811257777595446678e+05
2.005689600000000000e+13 4.738072199902702797e+19 9.817966130809900351e+05
2.015150400000000000e+13 4.747367026099909427e+19 9.824566841288534924e+05
2.024611200000000000e+13 4.756667995584925696e+19 9.831060253907140577e+05
2.034072000000000000e+13 4.765975007174296371e+19 9.837446716314579826e+05
2.043532800000000000e+13 4.775287960016065331e+19 9.843726578903844347e+05
2.052993600000000000e+13 4.784606753592345395e+19 9.849900194782803301e+05
2.062454400000000000e+13 4.793931287721857024e+19 9.855967919744658284e+05
2.071915200000000000e+13 4.803261462562443264e+19 9.861930112238109577e+05
2.081376000000000000e+13 4.812597178613551104e+19 9.867787133337238338e+05
2.090836800000000000e+13 4.821938336718687437e+19 9.873539346711112885e+05
2.100297600000000000e+13 4.831284838067846349e+19 9.879187118593117921e+05
2.109758400000000000e+13 4.840636584199903642e+19 9.884730817750027636e+05
2.119219200000000000e+13 4.849993477004985139e+19 9.890170815450808732e+05
2.128680000000000000e+13 4.859355418726805504e+19 9.895507485435180133e+05
2.138140800000000000e+13 4.868722311964974285e+19 9.900741203881920082e+05
2.147601600000000000e+13 4.878094059677272474e+19 9.905872349376938073e+05
2.157062400000000000e+13 4.887470565181902029e+19 9.910901302881106967e+05
2.166523200000000000e+13 4.896851732159700173e+19 9.915828447697875090e+05
2.175984000000000000e+13 4.906237464656324198e+19 9.920654169440651312e+05
2.185444800000000000e+13 4.915627667084408422e+19 9.925378855999984080e+05
2.194905600000000000e+13 4.925022244225685094e+19 9.930002897510523908e+05
2.204366400000000000e+13 4.934421101233076634e+19 9.934526686317796120e+05
2.213827200000000000e+13 4.943824143632755917e+19 9.938950616944772191e+05
2.223288000000000000e+13 4.953231277326173798e+19 9.943275086058258312e+05
2.232748800000000000e+13 4.962642408592057139e+19 9.947500492435103515e+05
2.242209600000000000e+13 4.972057444088369971e+19 9.951627236928236671e+05
2.251670400000000000e+13 4.981476290854249267e+19 9.955655722432534676e+05
2.261131200000000000e+13 4.990898856311900570e+19 9.959586353850534651e+05
2.270592000000000000e+13 5.000325048268466586e+19 9.963419538057993632e+05
2.280052800000000000e+13 5.009754774917861376e+19 9.967155683869303903e+05
2.289513600000000000e+13 5.019187944842571776e+19 9.970795202002770966e+05
2.298974400000000000e+13 5.028624467015425229e+19 9.974338505045761121e+05
2.308435200000000000e+13 5.038064250801324851e+19 9.977786007419725647e+05
2.317896000000000000e+13 5.047507205958951731e+19 9.981138125345107401e+05
2.327356800000000000e+13 5.056953242642432819e+19 9.984395276806140319e+05
2.336817600000000000e+13 5.066402271402976870e+19 9.987557881515548797e+05
2.346278400000000000e+13 5.075854203190477619e+19 9.990626360879145795e+05
2.355739200000000000e+13 5.085308949355079270e+19 9.993601137960351771e+05
2.365200000000000000e+13 5.094766421648712499e+19 9.996482637444625143e+05
2.374660800000000000e+13 5.104226532226596864e+19 9.999271285603825236e+05
2.384121600000000000e+13 5.113689193648703898e+19 1.000196751026050770e+06
2.393582400000000000e+13 5.123154318881194803e+19 1.000457174075215589e+06
2.403043200000000000e+13 5.132621821297816371e+19 1.000708440789536922e+06
2.412504000000000000e+13 5.142091614681268224e+19 1.000950594394999673e+06
2.421964800000000000e+13 5.151563613224534835e+19 1.001183678258324158e+06
2.431425600000000000e+13 5.161037731532179866e+19 1.001407735883372603e+06
2.440886400000000000e+13 5.170513884621614285e+19 1.001622810907554114e+06
2.450347200000000000e+13 5.179991987924321075e+19 1.001828947098227334e+06
2.459808000000000000e+13 5.189471957287054541e+19 1.002026188349102158e+06
2.469268800000000000e+13 5.198953708972998656e+19 1.002214578676641337e+06
2.478729600000000000e+13 5.208437159662895923e+19 1.002394162216462661e+06
2.488190400000000000e+13 5.217922226456141005e+19 1.002564983219741494e+06
2.497651200000000000e+13 5.227408826871839130e+19 1.002727086049615638e+06
2.507112000000000000e+13 5.236896878849830912e+19 1.002880515177592635e+06
2.516572800000000000e+13 5.246386300751685222e+19 1.003025315179959638e+06
2.526033600000000000e+13 5.255877011361655194e+19 1.003161530734197469e+06
2.535494400000000000e+13 5.265368929887602278e+19 1.003289206615398871e+06
2.544955200000000000e+13 5.274861975961885082e+19 1.003408387692692224e+06
2.554416000000000000e+13 5.284356069642217062e+19 1.003519118925670162e+06
2.563876800000000000e+13 5.293851131412486554e+19 1.003621445360825513e+06
2.573337600000000000e+13 5.303347082183547290e+19 1.003715412127993186e+06
2.582798400000000000e+13 5.312843843293971251e+19 1.003801064436800894e+06
2.592259200000000000e+13 5.322341336510771200e+19 1.003878447573126759e+06
2.601720000000000000e+13 5.331839484030088806e+19 1.003947606895567151e+06
2.611180800000000000e+13 5.341338208477849190e+19 1.004008587831912795e+06
2.620641600000000000e+13 5.350837432910381056e+19 1.004061435875635943e+06
2.630102400000000000e+13 5.360337080815007334e+19 1.004106196582387318e+06
2.639563200000000000e+13 5.369837076110598963e+19 1.004142915566505399e+06
2.649024000000000000e+13 5.379337343148096717e+19 1.004171638497536420e+06
2.658484800000000000e+13 5.388837806711001088e+19 1.004192411096767755e+06
2.667945600000000000e+13 5.398338392015830221e+19 1.004205279133773525e+06
2.677406400000000000e+13 5.407839024712542618e+19 1.004210288422974525e+06
2.686867200000000000e+13 5.417339630884929536e+19 1.004207484820211423e+06
2.696328000000000000e+13 5.426840137050975437e+19 1.004196914219333674e+06
2.705788800000000000e+13 5.436340470163184845e+19 1.004178622548802523e+06
2.715249600000000000e+13 5.445840557608878080e+19 1.004152655768310535e+06
2.724710400000000000e+13 5.455340327210452582e+19 1.004119059865416843e+06
2.734171200000000000e+13 5.464839707225618842e+19 1.004077880852199742e+06
2.743632000000000000e+13 5.474338626347598643e+19 1.004029164761925931e+06
2.753092800000000000e+13 5.483837013705293824e+19 1.003972957645737799e+06
2.762553600000000000e+13 5.493334798863424717e+19 1.003909305569359101e+06
2.772014400000000000e+13 5.502831911822637466e+19 1.003838254609819152e+06
2.781475200000000000e+13 5.512328283019580211e+19 1.003759850852195988e+06
2.790936000000000000e+13 5.521823843326947328e+19 1.003674140386379673e+06
2.800396800000000000e+13 5.531318524053497446e+19 1.003581169303855393e+06
2.809857600000000000e+13 5.540812256944034611e+19 1.003480983694507275e+06
2.819318400000000000e+13 5.550304974179365683e+19 1.003373629643442691e+06
2.828779200000000000e+13 5.559796608376223334e+19 1.003259153227838571e+06
2.838240000000000000e+13 5.569287092587164467e+19 1.003137600513809361e+06
2.847700800000000000e+13 5.578776360300432589e+19 1.003009017553296639e+06
2.857161600000000000e+13 5.588264345439797248e+19 1.002873450380982133e+06
2.866622400000000000e+13 5.597750982364359066e+19 1.002730945011223084e+06
2.876083200000000000e+13 5.607236205868331827e+19 1.002581547435011365e+06
2.885544000000000000e+13 5.616719951180790989e+19 1.002425303616956109e+06
2.895004800000000000e+13 5.626202153965395968e+19 1.002262259492290439e+06
2.904465600000000000e+13 5.635682750320082944e+19 1.002092460963902762e+06
2.913926400000000000e+13 5.645161676776734720e+19 1.001915953899392392e+06
2.923387200000000000e+13 5.654638870300814541e+19 1.001732784128150903e+06
2.932848000000000000e+13 5.664114268290980250e+19 1.001542997438468388e+06
2.942308800000000000e+13 5.673587808578668134e+19 1.001346639574665576e+06
2.951769600000000000e+13 5.683059429427648922e+19 1.001143756234251778e+06
2.961230400000000000e+13 5.692529069533559194e+19 1.000934393065109383e+06
2.970691200000000000e+13 5.701996668023404954e+19 1.000718595662705018e+06
2.980152000000000000e+13 5.711462164455039795e+19 1.000496409567327122e+06
2.989612800000000000e+13 5.720925498816616038e+19 1.000267880261350656e+06
2.999073600000000000e+13 5.730386611526013747e+19 1.000033053166529629e+06
3.008534400000000000e+13 5.739845443430239437e+19 9.997919736413168721e+05
3.017995200000000000e+13 5.749301935804802662e+19 9.995446869782115100e+05
3.027456000000000000e+13 5.758756030353068032e+19 9.992912384011346148e+05
3.036916800000000000e+13 5.768207669205581005e+19 9.990316730628331425e+05
3.046377600000000000e+13 5.777656794919369933e+19 9.987660360423123930e+05
3.055838400000000000e+13 5.787103350477225984e+19 9.984943723422965268e+05
3.065299200000000000e+13 5.796547279286956032e+19 9.982167268867189996e+05
3.074760000000000000e+13 5.805988525180614246e+19 9.979331445182408206e+05
3.084220800000000000e+13 5.815427032413710746e+19 9.976436699957986129e+05
3.093681600000000000e+13 5.824862745664394854e+19 9.973483479921820108e+05
3.103142400000000000e+13 5.834295610032620339e+19 9.970472230916402768e+05
3.112603200000000000e+13 5.843725571039281971e+19 9.967403397875186056e+05
3.122064000000000000e+13 5.853152574625335706e+19 9.964277424799242290e+05
3.131524800000000000e+13 5.862576567150894285e+19 9.961094754734220915e+05
3.140985600000000000e+13 5.871997495394301542e+19 9.957855829747610260e+05
3.150446400000000000e+13 5.881415306551186227e+19 9.954561090906294994e+05
3.159907200000000000e+13 5.890829948233492890e+19 9.951210978254415095e+05
3.169368000000000000e+13 5.900241368468496384e+19 9.947805930791529827e+05
3.178828800000000000e+13 5.909649515697790157e+19 9.944346386451086728e+05
3.188289600000000000e+13 5.919054338776259789e+19 9.940832782079188619e+05
3.197750400000000000e+13 5.928455786971033600e+19 9.937265553413667949e+05
3.207211200000000000e+13 5.937853809960414413e+19 9.933645135063467314e+05
3.216672000000000000e+13 5.947248357832793293e+19 9.929971960488324985e+05
3.226132800000000000e+13 5.956639381085541990e+19 9.926246461978765437e+05
3.235593600000000000e+13 5.966026830623889818e+19 9.922469070636393735e+05
3.245054400000000000e+13 5.975410657759778406e+19 9.918640216354500735e+05
3.254515200000000000e+13 5.984790814210702541e+19 9.914760327798973303e+05
3.263976000000000000e+13 5.994167252098529690e+19 9.910829832389507210e+05
3.273436800000000000e+13 6.003539923948303974e+19 9.906849156281134347e+05
3.282897600000000000e+13 6.012908782687032934e+19 9.902818724346045638e+05
3.292358400000000000e+13 6.022273781642457088e+19 9.898738960155729437e+05
3.301819200000000000e+13 6.031634874541801472e+19 9.894610285963412607e+05
3.311280000000000000e+13 6.040992015510513254e+19 9.890433122686804272e+05
3.320740800000000000e+13 6.050345159070981325e+19 9.886207889891150407e+05
3.330201600000000000e+13 6.059694260141242778e+19 9.881935005772587610e+05
3.339662400000000000e+13 6.069039274033669734e+19 9.877614887141807703e+05
3.349123200000000000e+13 6.078380156453645517e+19 9.873247949408016866e+05
3.358584000000000000e+13 6.087716863498222797e+19 9.868834606563207926e+05
3.368044800000000000e+13 6.097049351654767821e+19 9.864375271166727180e+05
3.377505600000000000e+13 6.106377577799592346e+19 9.859870354330148548e+05
3.386966400000000000e+13 6.115701499196568371e+19 9.855320265702442266e+05
3.396427200000000000e+13 6.125021073495730586e+19 9.850725413455450907e+05
3.405888000000000000e+13 6.134336258731865702e+19 9.846086204269658774e+05
3.415348800000000000e+13 6.143647013323090330e+19 9.841403043320259312e+05
3.424809600000000000e+13 6.152953296069409997e+19 9.836676334263521712e+05
3.434270400000000000e+13 6.162255066151274086e+19 9.831906479223454371e+05
3.443731200000000000e+13 6.171552283128109466e+19 9.827093878778759390e+05
3.453192000000000000e+13 6.180844906936849203e+19 9.822238931950082770e+05
3.462652800000000000e+13 6.190132897890445722e+19 9.817342036187553313e+05
3.472113600000000000e+13 6.199416216676374118e+19 9.812403587358618388e+05
3.481574400000000000e+13 6.208694824355123200e+19 9.807423979736163747e+05
3.491035200000000000e+13 6.217968682358675046e+19 9.802403605986922048e+05
3.500496000000000000e+13 6.227237752488977203e+19 9.797342857160171261e+05
3.509956800000000000e+13 6.236501996916399309e+19 9.792242122676713625e+05
3.519417600000000000e+13 6.245761378178183168e+19 9.787101790318140993e+05
3.528878400000000000e+13 6.255015859176883814e+19 9.781922246216380736e+05
3.538339200000000000e+13 6.264265403178795827e+19 9.776703874843521044e+05
3.547800000000000000e+13 6.273509973812376371e+19 9.771447059001915623e+05
3.557260800000000000e+13 6.282749535066655130e+19 9.766152179814567789e+05
3.566721600000000000e+13 6.291984051289637683e+19 9.760819616715782322e+05
3.576182400000000000e+13 6.301213487186697421e+19 9.755449747442097869e+05
3.585643200000000000e+13 6.310437807818963354e+19 9.750042948023487115e+05
3.595104000000000000e+13 6.319656978601695642e+19 9.744599592774827033e+05
3.604564800000000000e+13 6.328870965302656205e+19 9.739120054287635721e+05
3.614025600000000000e+13 6.338079734040469504e+19 9.733604703422075836e+05
3.623486400000000000e+13 6.347283251282979226e+19 9.728053909299223451e+05
3.632947200000000000e+13 6.356481483845594317e+19 9.722468039293594193e+05
3.642408000000000000e+13 6.365674398889629286e+19 9.716847459025931312e+05
3.651868800000000000e+13 6.374861963920641229e+19 9.711192532356252195e+05
3.661329600000000000e+13 6.384044146786753741e+19 9.705503621377149830e+05
3.670790400000000000e+13 6.393220915676981658e+19 9.699781086407344555e+05
3.680251200000000000e+13 6.402392239119546778e+19 9.694025285985491937e+05
3.689712000000000000e+13 6.411558085980186214e+19 9.688236576864237431e+05
3.699172800000000000e+13 6.420718425460459930e+19 9.682415314004513202e+05
3.708633600000000000e+13 6.429873227096047616e+19 9.676561850570089882e+05
3.718094400000000000e+13 6.439022460755045581e+19 9.670676537922360003e+05
3.727555200000000000e+13 6.448166096636255437e+19 9.664759725615368225e+05
3.737016000000000000e+13 6.457304105267471974e+19 9.658811761391076725e+05
3.746476800000000000e+13 6.466436457503762842e+19 9.652832991174866911e+05
3.755937600000000000e+13 6.475563124525744947e+19 9.646823759071272798e+05
3.765398400000000000e+13 6.484684077837860045e+19 9.640784407359950710e+05
3.774859200000000000e+13 6.493799289266643763e+19 9.634715276491867844e+05
3.784320000000000000e+13 6.502908730958991360e+19 9.628616705085725989e+05
3.793780800000000000e+13 6.512012375380422656e+19 9.622489029924605275e+05
3.803241600000000000e+13 6.521110195313341235e+19 9.616332585952830268e+05
3.812702400000000000e+13 6.530202163855292006e+19 9.610147706273052609e+05
3.822163200000000000e+13 6.539288254417217946e+19 9.603934722143555991e+05
3.831624000000000000e+13 6.548368440721710285e+19 9.597693962975767208e+05
3.841084800000000000e+13 6.557442696801261158e+19 9.591425756331988377e+05
3.850545600000000000e+13 6.566510996996510515e+19 9.585130427923329407e+05
3.860006400000000000e+13 6.575573315954495488e+19 9.578808301607855828e+05
3.869467200000000000e+13 6.584629628626893210e+19 9.572459699388933368e+05
3.878928000000000000e+13 6.593679910268266086e+19 9.566084941413782071e+05
3.888388800000000000e+13 6.602724136434303795e+19 9.559684345972222509e+05
3.897849600000000000e+13 6.611762282980065280e+19 9.553258229495625710e+05
3.907310400000000000e+13 6.620794326058219930e+19 9.546806906556055183e+05
3.916771200000000000e+13 6.629820242117287936e+19 9.540330689865598688e+05
3.926232000000000000e+13 6.638840007899879834e+19 9.533829890275893267e+05
3.935692800000000000e+13 6.647853600440936858e+19 9.527304816777837696e+05
3.945153600000000000e+13 6.656860997065969664e+19 9.520755776501487708e+05
3.954614400000000000e+13 6.665862175389297050e+19 9.514183074716132833e+05
3.964075200000000000e+13 6.674857113312287949e+19 9.507587014830556000e+05
3.973536000000000000e+13 6.683845789021600154e+19 9.500967898393470095e+05
3.982996800000000000e+13 6.692828180987421491e+19 9.494326025094126817e+05
3.992457600000000000e+13 6.701804267961711002e+19 9.487661692763100145e+05
4.001918400000000000e+13 6.710774028976441754e+19 9.480975197373242117e+05
4.011379200000000000e+13 6.719737443341845299e+19 9.474266833040799247e+05
4.020840000000000000e+13 6.728694490644653670e+19 9.467536892026702408e+05
4.030300800000000000e+13 6.737645150746348749e+19 9.460785664738013875e+05
4.039761600000000000e+13 6.746589403781408358e+19 9.454013439729535021e+05
4.049222400000000000e+13 6.755527230155553997e+19 9.447220503705576994e+05
4.058683200000000000e+13 6.764458610544005120e+19 9.440407141521876911e+05
4.068144000000000000e+13 6.773383525889729331e+19 9.433573636187679367e+05
4.077604800000000000e+13 6.782301957401699942e+19 9.426720268867958803e+05
4.087065600000000000e+13 6.791213886553151078e+19 9.419847318885792047e+05
4.096526400000000000e+13 6.800119295079840154e+19 9.412955063724883366e+05
4.105987200000000000e+13 6.809018164978307072e+19 9.406043779032221064e+05
4.115448000000000000e+13 6.817910478504141619e+19 9.399113738620887743e+05
4.124908800000000000e+13 6.826796218170250035e+19 9.392165214472998632e+05
4.134369600000000000e+13 6.835675366745126502e+19 9.385198476742784260e+05
4.143830400000000000e+13 6.844547907251127091e+19 9.378213793759801192e+05
4.153291200000000000e+13 6.853413822962744525e+19 9.371211432032278972e+05
4.162752000000000000e+13 6.862273097404890317e+19 9.364191656250591623e+05
4.172212800000000000e+13 6.871125714351177728e+19 9.357154729290861869e+05
4.181673600000000000e+13 6.879971657822209638e+19 9.350100912218686426e+05
4.191134400000000000e+13 6.888810912083868058e+19 9.343030464292983525e+05
4.200595200000000000e+13 6.897643461645609370e+19 9.335943642969962675e+05
4.210056000000000000e+13 6.906469291258762035e+19 9.328840703907210846e+05
4.219516800000000000e+13 6.915288385914830029e+19 9.321721900967896217e+05
4.228977600000000000e+13 6.924100730843797914e+19 9.314587486225080211e+05
4.238438400000000000e+13 6.932906311512442470e+19 9.307437709966150578e+05
4.247899200000000000e+13 6.941705113622647603e+19 9.300272820697352290e+05
4.257360000000000000e+13 6.950497123109723341e+19 9.293093065148434835e+05
4.266820800000000000e+13 6.959282326140728934e+19 9.285898688277397305e+05
4.276281600000000000e+13 6.968060709112801690e+19 9.278689933275341755e+05
4.285742400000000000e+13 6.976832258651491533e+19 9.271467041571420850e+05
4.295203200000000000e+13 6.985596961609096397e+19 9.264230252837891458e+05
4.304664000000000000e+13 6.994354805063006618e+19 9.256979804995256709e+05
4.314124800000000000e+13 7.003105776314050970e+19 9.249715934217509348e+05
4.323585600000000000e+13 7.011849862884851712e+19 9.242438874937458895e+05
4.333046400000000000e+13 7.020587052518180454e+19 9.235148859852160094e+05
4.342507200000000000e+13 7.029317333175322214e+19 9.227846119928418193e+05
4.351968000000000000e+13 7.038040693034443571e+19 9.220530884408388520e+05
4.361428800000000000e+13 7.046757120488964915e+19 9.213203380815252895e+05
4.370889600000000000e+13 7.055466604145942528e+19 9.205863834958985681e+05
4.380350400000000000e+13 7.064169132824451482e+19 9.198512470942194341e+05
4.389811200000000000e+13 7.072864695553975091e+19 9.191149511166042648e+05
4.399272000000000000e+13 7.081553281572803379e+19 9.183775176336242585e+05
4.408732800000000000e+13 7.090234880326432358e+19 9.176389685469131218e+05
4.418193600000000000e+13 7.098909481465972326e+19 9.168993255897810450e+05
4.427654400000000000e+13 7.107577074846561894e+19 9.161586103278362425e+05
4.437115200000000000e+13 7.116237650525786931e+19 9.154168441596133634e+05
4.446576000000000000e+13 7.124891198762106061e+19 9.146740483172084205e+05
4.456036800000000000e+13 7.133537710013281894e+19 9.139302438669201219e+05
4.465497600000000000e+13 7.142177174934818816e+19 9.131854517098981887e+05
4.474958400000000000e+13 7.150809584378406502e+19 9.124396925827967934e+05
4.484419200000000000e+13 7.159434929390369178e+19 9.116929870584347518e+05
4.493880000000000000e+13 7.168053201210123059e+19 9.109453555464615347e+05
4.503340800000000000e+13 7.176664391268639539e+19 9.101968182940282859e+05
4.512801600000000000e+13 7.185268491186911642e+19 9.094473953864650102e+05
4.522262400000000000e+13 7.193865492774432768e+19 9.086971067479625344e+05
4.531723200000000000e+13 7.202455388027676262e+19 9.079459721422599396e+05
4.541184000000000000e+13 7.211038169128584806e+19 9.071940111733366502e+05
4.550644800000000000e+13 7.219613828443066368e+19 9.064412432861098787e+05
4.560105600000000000e+13 7.228182358519493427e+19 9.056876877671360271e+05
4.569566400000000000e+13 7.236743752087215309e+19 9.049333637453169795e+05
4.579027200000000000e+13 7.245298002055069696e+19 9.041782901926107006e+05
4.588488000000000000e+13 7.253845101509906432e+19 9.034224859247459099e+05
4.597948800000000000e+13 7.262385043715116237e+19 9.026659696019407129e+05
4.607409600000000000e+13 7.270917822109165978e+19 9.019087597296254244e+05
4.616870400000000000e+13 7.279443430304141312e+19 9.011508746591687668e+05
4.626331200000000000e+13 7.287961862084295885e+19 9.003923325886079110e+05
4.635792000000000000e+13 7.296473111404607078e+19 8.996331515633817762e+05
4.645252800000000000e+13 7.304977172389339955e+19 8.988733494770675898e+05
4.654713600000000000e+13 7.313474039330617754e+19 8.981129440721208230e+05
4.664174400000000000e+13 7.321963706686998118e+19 8.973519529406179208e+05
4.673635200000000000e+13 7.330446169082059162e+19 8.965903935250020586e+05
4.683096000000000000e+13 7.338921421302989619e+19 8.958282831188315758e+05
4.692556800000000000e+13 7.347389458299187200e+19 8.950656388675309718e+05
4.702017600000000000e+13 7.355850275180865126e+19 8.943024777691442287e+05
4.711478400000000000e+13 7.364303867217665229e+19 8.935388166750911623e+05
4.720939200000000000e+13 7.372750229837275136e+19 8.927746722909250529e+05
4.730400000000000000e+13 7.381189358624058573e+19 8.920100611770929536e+05
4.739860800000000000e+13 7.389621249317689754e+19 8.912449997496979777e+05
4.749321600000000000e+13 7.398045897811794330e+19 8.904795042812631000e+05
4.758782400000000000e+13 7.406463300152595251e+19 8.897135909014969366e+05
4.768243200000000000e+13 7.414873452537574195e+19 8.889472755980610382e+05
4.777704000000000000e+13 7.423276351314129715e+19 8.881805742173388135e+05
4.787164800000000000e+13 7.431671992978251776e+19 8.874135024652056163e+05
4.796625600000000000e+13 7.440060374173199565e+19 8.866460759078002302e+05
4.806086400000000000e+13 7.448441491688185856e+19 8.858783099722976331e+05
4.815547200000000000e+13 7.456815342457066291e+19 8.851102199476822279e+05
4.825008000000000000e+13 7.465181923557046682e+19 8.843418209855229361e+05
4.834468800000000000e+13 7.473541232207382118e+19 8.835731281007484067e+05
4.843929600000000000e+13 7.481893265768097382e+19 8.828041561724230414e+05
4.853390400000000000e+13 7.490238021738708992e+19 8.820349199445239501e+05
4.862851200000000000e+13 7.498575497756948890e+19 8.812654340267181396e+05
4.872312000000000000e+13 7.506905691597507789e+19 8.804957128951401683e+05
4.881772800000000000e+13 7.515228601170773606e+19 8.797257708931703819e+05
4.891233600000000000e+13 7.523544224521587917e+19 8.789556222322129179e+05
4.900694400000000000e+13 7.531852559828000768e+19 8.781852809924745234e+05
4.910155200000000000e+13 7.540153605400040243e+19 8.774147611237424426e+05
4.919616000000000000e+13 7.548447359678482022e+19 8.766440764461631188e+05
4.929076800000000000e+13 7.556733821233633690e+19 8.758732406510206638e+05
4.938537600000000000e+13 7.565012988764119040e+19 8.751022673015143955e+05
4.947998400000000000e+13 7.573284861095680410e+19 8.743311698335369583e+05
4.957459200000000000e+13 7.581549437179974451e+19 8.735599615564513952e+05
4.966920000000000000e+13 7.589806716093384294e+19 8.727886556538683362e+05
4.976380800000000000e+13 7.598056697035841536e+19 8.720172651844217908e+05
4.985841600000000000e+13 7.606299379329644954e+19 8.712458030825451715e+05
4.995302400000000000e+13 7.614534762418297242e+19 8.704742821592461551e+05
5.004763200000000000e+13 7.622762845865343386e+19 8.697027151028808439e+05
5.014224000000000000e+13 7.630983629353215590e+19 8.689311144799267640e+05
5.023684800000000000e+13 7.639197112682089677e+19 8.681594927357553970e+05
5.033145600000000000e+13 7.647403295768748032e+19 8.673878621954036644e+05
5.042606400000000000e+13 7.655602178645444198e+19 8.666162350643437821e+05
5.052067200000000000e+13 7.663793761458783846e+19 8.658446234292525332e+05
5.061528000000000000e+13 7.671978044468604109e+19 8.650730392587789102e+05
5.070988800000000000e+13 7.680155028046864384e+19 8.643014944043110590e+05
5.080449600000000000e+13 7.688324712676548608e+19 8.635300006007408956e+05
5.089910400000000000e+13 7.696487098950564250e+19 8.627585694672283716e+05
5.099371200000000000e+13 7.704642187570659328e+19 8.619872125079634134e+05
5.108832000000000000e+13 7.712789979346341069e+19 8.612159411129268119e+05
5.118292800000000000e+13 7.720930475193799475e+19 8.604447665586493677e+05
5.127753600000000000e+13 7.729063676134844006e+19 8.596737000089694047e+05
5.137214400000000000e+13 7.737189583295845171e+19 8.589027525157881901e+05
5.146675200000000000e+13 7.745308197906681037e+19 8.581319350198241882e+05
5.156136000000000000e+13 7.753419521299691930e+19 8.573612583513652207e+05
5.165596800000000000e+13 7.761523554908643328e+19 8.565907332310186466e+05
5.175057600000000000e+13 7.769620300267698586e+19 8.558203702704595635e+05
5.184518400000000000e+13 7.777709759010388378e+19 8.550501799731772626e+05
5.193979200000000000e+13 7.785791932868601446e+19 8.542801727352194721e+05
5.203440000000000000e+13 7.793866823671570432e+19 8.535103588459347375e+05
5.212900800000000000e+13 7.801934433344872448e+19 8.527407484887121245e+05
5.222361600000000000e+13 7.809994763909431296e+19 8.519713517417192925e+05
5.231822400000000000e+13 7.818047817480527872e+19 8.512021785786383552e+05
5.241283200000000000e+13 7.826093596266823680e+19 8.504332388693988323e+05
5.250744000000000000e+13 7.834132102569381069e+19 8.496645423809093190e+05
5.260204800000000000e+13 7.842163338780698214e+19 8.488960987777855480e+05
5.269665600000000000e+13 7.850187307383747379e+19 8.481279176230772864e+05
5.279126400000000000e+13 7.858204010951019725e+19 8.473600083789919736e+05
5.288587200000000000e+13 7.866213452143579955e+19 8.465923804076160304e+05
5.298048000000000000e+13 7.874215633710125875e+19 8.458250429716341896e+05
5.307508800000000000e+13 7.882210558486052864e+19 8.450580052350453334e+05
5.316969600000000000e+13 7.890198229392529818e+19 8.442912762638768181e+05
5.326430400000000000e+13 7.898178649435576730e+19 8.435248650268951897e+05
5.335891200000000000e+13 7.906151821705150464e+19 8.427587803963150363e+05
5.345352000000000000e+13 7.914117749374240358e+19 8.419930311485046986e+05
5.354812800000000000e+13 7.922076435697967104e+19 8.412276259646894177e+05
5.364273600000000000e+13 7.930027884012689818e+19 8.404625734316516900e+05
5.373734400000000000e+13 7.937972097735116390e+19 8.396978820424289443e+05
5.383195200000000000e+13 7.945909080361428582e+19 8.389335601970084244e+05
5.392656000000000000e+13 7.953838835466402202e+19 8.381696162030190462e+05
5.402116800000000000e+13 7.961761366702543667e+19 8.374060582764205756e+05
5.411577600000000000e+13 7.969676677799228211e+19 8.366428945421898970e+05
5.421038400000000000e+13 7.977584772561846272e+19 8.358801330350043718e+05
5.430499200000000000e+13 7.985485654870953165e+19 8.351177816999221686e+05
5.439960000000000000e+13 7.993379328681430221e+19 8.343558483930599177e+05
5.449420800000000000e+13 8.001265798021649203e+19 8.335943408822669880e+05
5.458881600000000000e+13 8.009145066992643277e+19 8.328332668477969710e+05
5.468342400000000000e+13 8.017017139767282893e+19 8.320726338829764863e+05
5.477803200000000000e+13 8.024882020589463142e+19 8.313124494948701467e+05
5.487264000000000000e+13 8.032739713773292749e+19 8.305527211049434263e+05
5.496724800000000000e+13 8.040590223702287974e+19 8.297934560497213388e+05
5.506185600000000000e+13 8.048433554828577997e+19 8.290346615814452525e+05
5.515646400000000000e+13 8.056269711672111923e+19 8.282763448687257478e+05
5.525107200000000000e+13 8.064098698819875635e+19 8.275185129971924471e+05
5.534568000000000000e+13 8.071920520925111910e+19 8.267611729701410513e+05
5.544028800000000000e+13 8.079735182706545459e+19 8.260043317091768840e+05
5.553489600000000000e+13 8.087542688947621069e+19 8.252479960548554081e+05
5.562950400000000000e+13 8.095343044495738470e+19 8.244921727673196001e+05
5.572411200000000000e+13 8.103136254261498675e+19 8.237368685269339476e+05
5.581872000000000000e+13 8.110922323217955226e+19 8.229820899349156534e+05
5.591332800000000000e+13 8.118701256399872000e+19 8.222278435139618814e+05
5.600793600000000000e+13 8.126473058902985933e+19 8.214741357088744408e+05
5.610254400000000000e+13 8.134237735883276288e+19 8.207209728871810948e+05
5.619715200000000000e+13 8.141995292556238848e+19 8.199683613397534937e+05
5.629176000000000000e+13 8.149745734196166656e+19 8.192163072814216139e+05
5.638636800000000000e+13 8.157489066135435674e+19 8.184648168515855214e+05
5.648097600000000000e+13 8.165225293763798630e+19 8.177138961148232920e+05
5.657558400000000000e+13 8.172954422527680512e+19 8.169635510614961386e+05
5.667019200000000000e+13 8.180676457929485517e+19 8.162137876083495794e+05
5.676480000000000000e+13 8.188391405526902374e+19 8.154646115991122788e+05
5.685940800000000000e+13 8.196099270932221133e+19 8.147160288050906966e+05
5.695401600000000000e+13 8.203800059811654861e+19 8.139680449257605942e+05
5.704862400000000000e+13 8.211493777884662989e+19 8.132206655893559800e+05
5.714323200000000000e+13 8.219180430923284480e+19 8.124738963534535142e+05
5.723784000000000000e+13 8.226860024751472640e+19 8.117277427055548178e+05
5.733244800000000000e+13 8.234532565244443034e+19 8.109822100636644755e+05
5.742705600000000000e+13 8.242198058328014848e+19 8.102373037768653594e+05
5.752166400000000000e+13 8.249856509977968640e+19 8.094930291258902289e+05
5.761627200000000000e+13 8.257507926219404083e+19 8.087493913236904191e+05
5.771088000000000000e+13 8.265152313126102630e+19 8.080063955160006881e+05
5.780548800000000000e+13 8.272789676819896730e+19 8.072640467819013866e+05
5.790009600000000000e+13 8.280420023470047232e+19 8.065223501343763201e+05
5.799470400000000000e+13 8.288043359292622438e+19 8.057813105208685156e+05
5.808931200000000000e+13 8.295659690549882061e+19 8.050409328238315647e+05
5.818392000000000000e+13 8.303269023549667738e+19 8.043012218612784054e+05
5.827852800000000000e+13 8.310871364644798464e+19 8.035621823873263784e+05
5.837313600000000000e+13 8.318466720232470938e+19 8.028238190927389078e+05
5.846774400000000000e+13 8.326055096753668096e+19 8.020861366054642713e+05
5.856235200000000000e+13 8.333636500692566016e+19 8.013491394911706448e+05
5.865696000000000000e+13 8.341210938575952282e+19 8.006128322537780041e+05
5.875156800000000000e+13 8.348778416972645990e+19 7.998772193359866505e+05
5.884617600000000000e+13 8.356338942492922675e+19 7.991423051198025933e+05
5.894078400000000000e+13 8.363892521787947418e+19 7.984080939270595554e+05
5.903539200000000000e+13 8.371439161549207962e+19 7.976745900199372554e+05
5.913000000000000000e+13 8.378978868507956019e+19 7.969417976014773594e+05
5.922460800000000000e+13 8.386511649434653491e+19 7.962097208160950104e+05
5.931921600000000000e+13 8.394037511138420326e+19 7.954783637500879122e+05
5.941382400000000000e+13 8.401556460466492211e+19 7.947477304321420379e+05
5.950843200000000000e+13 8.409068504303679898e+19 7.940178248338333797e+05
5.960304000000000000e+13 8.416573649571831808e+19 7.932886508701272542e+05
5.969764800000000000e+13 8.424071903229304832e+19 7.925602123998741154e+05
5.979225600000000000e+13 8.431563272270436762e+19 7.918325132263016421e+05
5.988686400000000000e+13 8.439047763725025280e+19 7.911055570975044975e+05
5.998147200000000000e+13 8.446525384657810227e+19 7.903793477069298970e+05
6.007608000000000000e+13 8.453996142167965696e+19 7.896538886938604992e+05
6.017068800000000000e+13 8.461460043388583936e+19 7.889291836438940372e+05
6.026529600000000000e+13 8.468917095486178918e+19 7.882052360894194571e+05
6.035990400000000000e+13 8.476367305660183347e+19 7.874820495100903790e+05
6.045451200000000000e+13 8.483810681142458778e+19 7.867596273332947167e+05
6.054912000000000000e+13 8.491247229196799181e+19 7.860379729346213862e+05
6.064372800000000000e+13 8.498676957118449254e+19 7.853170896383242216e+05
6.073833600000000000e+13 8.506099872233624371e+19 7.845969807177821640e+05
6.083294400000000000e+13 8.513515981899028890e+19 7.838776493959564250e+05
6.092755200000000000e+13 8.520925293501389210e+19 7.831590988458446227e+05
6.102216000000000000e+13 8.528327814456981914e+19 7.824413321909318911e+05
6.111676800000000000e+13 8.535723552211166822e+19 7.817243525056384970e+05
6.121137600000000000e+13 8.543112514237934797e+19 7.810081628157647792e+05
6.130598400000000000e+13 8.550494708039444070e+19 7.802927660989324795e+05
6.140059200000000000e+13 8.557870141145572966e+19 7.795781652850233950e+05
6.149520000000000000e+13 8.565238821113470976e+19 7.788643632566148881e+05
6.158980800000000000e+13 8.572600755527116390e+19 7.781513628494120203e+05
6.168441600000000000e+13 8.579955951996875571e+19 7.774391668526770081e+05
6.177902400000000000e+13 8.587304418159068774e+19 7.767277780096554197e+05
6.187363200000000000e+13 8.594646161675537613e+19 7.760171990179991117e+05
6.196824000000000000e+13 8.601981190233219072e+19 7.753074325301868375e+05
6.206284800000000000e+13 8.609309511543719526e+19 7.745984811539410148e+05
6.215745600000000000e+13 8.616631133342900224e+19 7.738903474526420468e+05
6.225206400000000000e+13 8.623946063390454579e+19 7.731830339457395021e+05
6.234667200000000000e+13 8.631254309469501850e+19 7.724765431091599166e+05
6.244128000000000000e+13 8.638555879386177536e+19 7.717708773757126182e+05
6.253588800000000000e+13 8.645850780969230336e+19 7.710660391354913590e+05
6.263049600000000000e+13 8.653139022069620736e+19 7.703620307362738531e+05
6.272510400000000000e+13 8.660420610560122880e+19 7.696588544839184033e+05
6.281971200000000000e+13 8.667695554334932992e+19 7.689565126427568030e+05
6.291432000000000000e+13 8.674963861309282714e+19 7.682550074359852588e+05
6.300892800000000000e+13 8.682225539419050803e+19 7.675543410460520536e+05
6.310353600000000000e+13 8.689480596620381389e+19 7.668545156150421826e+05
6.319814400000000000e+13 8.696729040889305498e+19 7.661555332450591959e+05
6.329275200000000000e+13 8.703970880221369139e+19 7.654573959986043628e+05
6.338736000000000000e+13 8.711206122631258112e+19 7.647601058989529265e+05
6.348196800000000000e+13 8.718434776152432640e+19 7.640636649305274477e+05
6.357657600000000000e+13 8.725656848836763648e+19 7.633680750392683549e+05
6.367118400000000000e+13 8.732872348754172314e+19 7.626733381330018165e+05
6.376579200000000000e+13 8.740081283992271258e+19 7.619794560818044702e+05
6.386040000000000000e+13 8.747283662656012288e+19 7.612864307183659403e+05
6.395500800000000000e+13 8.754479492867334144e+19 7.605942638383482117e+05
6.404961600000000000e+13 8.761668782764818432e+19 7.599029572007423267e+05
6.414422400000000000e+13 8.768851540503345562e+19 7.592125125282224035e+05
6.423883200000000000e+13 8.776027774253752320e+19 7.585229315074969782e+05
6.433344000000000000e+13 8.783197492202494362e+19 7.578342157896573190e+05
6.442804800000000000e+13 8.790360702551318528e+19 7.571463669905236457e+05
6.452265600000000000e+13 8.797517413516925338e+19 7.564593866909883218e+05
6.461726400000000000e+13 8.804667633330644582e+19 7.557732764373560203e+05
6.471187200000000000e+13 8.811811370238110925e+19 7.550880377416821430e+05
6.480648000000000000e+13 8.818948632498946048e+19 7.544036720821077470e+05
6.490108800000000000e+13 8.826079428386434253e+19 7.537201809031924931e+05
6.499569600000000000e+13 8.833203766187216077e+19 7.530375656162443338e+05
6.509030400000000000e+13 8.840321654200970445e+19 7.523558275996474549e+05
6.518491200000000000e+13 8.847433100740109926e+19 7.516749681991868420e+05
6.527952000000000000e+13 8.854538114129471078e+19 7.509949887283706339e+05
6.537412800000000000e+13 8.861636702706017894e+19 7.503158904687501490e+05
6.546873600000000000e+13 8.868728874818538701e+19 7.496376746702368837e+05
6.556334400000000000e+13 8.875814638827349606e+19 7.489603425514175324e+05
6.565795200000000000e+13 8.882894003104002867e+19 7.482838952998660970e+05
6.575256000000000000e+13 8.889966976030995251e+19 7.476083340724535519e+05
6.584716800000000000e+13 8.897033566001482957e+19 7.469336599956554128e+05
6.594177600000000000e+13 8.904093781418991616e+19 7.462598741658562794e+05
6.603638400000000000e+13 8.911147630697139405e+19 7.455869776496523991e+05
6.613099200000000000e+13 8.918195122259356877e+19 7.449149714841515524e+05
6.622560000000000000e+13 8.925236264538608435e+19 7.442438566772707272e+05
6.632020800000000000e+13 8.932271065977123635e+19 7.435736342080311151e+05
6.641481600000000000e+13 8.939299535026121933e+19 7.429043050268510124e+05
6.650942400000000000e+13 8.946321680145545626e+19 7.422358700558360433e+05
6.660403200000000000e+13 8.953337509803797709e+19 7.415683301890672883e+05
6.669864000000000000e+13 8.960347032477478093e+19 7.409016862928869668e+05
6.679324800000000000e+13 8.967350256651119821e+19 7.402359392061819090e+05
6.688785600000000000e+13 8.974347190816938394e+19 7.395710897406643489e+05
6.698246400000000000e+13 8.981337843474572902e+19 7.389071386811509728e+05
6.707707200000000000e+13 8.988322223130836992e+19 7.382440867858392885e+05
6.717168000000000000e+13 8.995300338299466547e+19 7.375819347865815507e+05
6.726628800000000000e+13 9.002272197500873933e+19 7.369206833891570568e+05
6.736089600000000000e+13 9.009237809261908787e+19 7.362603332735417644e+05
6.745550400000000000e+13 9.016197182115607347e+19 7.356008850941755809e+05
6.755011200000000000e+13 9.023150324600961434e+19 7.349423394802277908e+05
6.764472000000000000e+13 9.030097245262677606e+19 7.342846970358602703e+05
6.773932800000000000e+13 9.037037952650944512e+19 7.336279583404877922e+05
6.783393600000000000e+13 9.043972455321201869e+19 7.329721239490373991e+05
6.792854400000000000e+13 9.050900761833907814e+19 7.323171943922046339e+05
6.802315200000000000e+13 9.057822880754316083e+19 7.316631701767077902e+05
6.811776000000000000e+13 9.064738820652248269e+19 7.310100517855404178e+05
6.821236800000000000e+13 9.071648590101875917e+19 7.303578396782214986e+05
6.830697600000000000e+13 9.078552197681496064e+19 7.297065342910434119e+05
6.840158400000000000e+13 9.085449651973318246e+19 7.290561360373179195e+05
6.849619200000000000e+13 9.092340961563244954e+19 7.284066453076199396e+05
6.859080000000000000e+13 9.099226135040661914e+19 7.277580624700298067e+05
6.868540800000000000e+13 9.106105180998226739e+19 7.271103878703725059e+05
6.878001600000000000e+13 9.112978108031659213e+19 7.264636218324558577e+05
6.887462400000000000e+13 9.119844924739538125e+19 7.258177646583062597e+05
6.896923200000000000e+13 9.126705639723096474e+19 7.251728166284022154e+05
6.906384000000000000e+13 9.133560261586016666e+19 7.245287780019061174e+05
6.915844800000000000e+13 9.140408798934235546e+19 7.238856490168941673e+05
6.925305600000000000e+13 9.147251260375744512e+19 7.232434298905843170e+05
6.934766400000000000e+13 9.154087654520394547e+19 7.226021208195616491e+05
6.944227200000000000e+13 9.160917989979702886e+19 7.219617219800029416e+05
6.953688000000000000e+13 9.167742275366662963e+19 7.213222335278982064e+05
6.963148800000000000e+13 9.174560519295555994e+19 7.206836555992710637e+05
6.972609600000000000e+13 9.181372730381762560e+19 7.200459883103967877e+05
6.982070400000000000e+13 9.188178917241579110e+19 7.194092317580188392e+05
6.991531200000000000e+13 9.194979088492032819e+19 7.187733860195630696e+05
7.000992000000000000e+13 9.201773252750704640e+19 7.181384511533506447e+05
7.010452800000000000e+13 9.208561418635547443e+19 7.175044271988084074e+05
7.019913600000000000e+13 9.215343594764710707e+19 7.168713141766783083e+05
7.029374400000000000e+13 9.222119789756365210e+19 7.162391120892241597e+05
7.038835200000000000e+13 9.228890012228529357e+19 7.156078209204369923e+05
7.048296000000000000e+13 9.235654270798900429e+19 7.149774406362388982e+05
7.057756800000000000e+13 9.242412574084684186e+19 7.143479711846843129e+05
7.067217600000000000e+13 9.249164930702427750e+19 7.137194124961604830e+05
7.076678400000000000e+13 9.255911349267854131e+19 7.130917644835853716e+05
7.086139200000000000e+13 9.262651838395698381e+19 7.124650270426042844e+05
7.095600000000000000e+13 9.269386406699548672e+19 7.118392000517846318e+05
7.105060800000000000e+13 9.276115062791682458e+19 7.112142833728090627e+05
7.114521600000000000e+13 9.282837815282910822e+19 7.105902768506667344e+05
7.123982400000000000e+13 9.289554672782424474e+19 7.099671803138430696e+05
7.133443200000000000e+13 9.296265643897634816e+19 7.093449935745076509e+05
7.142904000000000000e+13 9.302970737234023219e+19 7.087237164287007181e+05
7.152364800000000000e+13 9.309669961394993562e+19 7.081033486565178027e+05
7.161825600000000000e+13 9.316363324981716582e+19 7.074838900222926168e+05
7.171286400000000000e+13 9.323050836592988979e+19 7.068653402747786604e+05
7.180747200000000000e+13 9.329732504825082675e+19 7.062476991473290836e+05
7.190208000000000000e+13 9.336408338271603917e+19 7.056309663580746856e+05
7.199668800000000000e+13 9.343078345523349094e+19 7.050151416101007489e+05
7.209129600000000000e+13 9.349742535168165478e+19 7.044002245916218963e+05
7.218590400000000000e+13 9.356400915790811955e+19 7.037862149761557812e+05
7.228051200000000000e+13 9.363053495972821402e+19 7.031731124226948014e+05
7.237512000000000000e+13 9.369700284292363059e+19 7.025609165758766467e+05
7.246972800000000000e+13 9.376341289324109824e+19 7.019496270661528688e+05
7.256433600000000000e+13 9.382976519639108813e+19 7.013392435099566355e+05
7.265894400000000000e+13 9.389605983804645376e+19 7.007297655098682735e+05
7.275355200000000000e+13 9.396229690384113664e+19 7.001211926547797630e+05
7.284816000000000000e+13 9.402847647936893747e+19 6.995135245200572535e+05
7.294276800000000000e+13 9.409459865018218906e+19 6.989067606677028816e+05
7.303737600000000000e+13 9.416066350179056026e+19 6.983009006465143757e+05
7.313198400000000000e+13 9.422667111965977805e+19 6.976959439922437305e+05
7.322659200000000000e+13 9.429262158921044787e+19 6.970918902277539019e+05
7.332120000000000000e+13 9.435851499581680845e+19 6.964887388631748036e+05
7.341580800000000000e+13 9.442435142480558490e+19 6.958864893960573245e+05
7.351041600000000000e+13 9.449013096145479270e+19 6.952851413115259493e+05
7.360502400000000000e+13 9.455585369099254170e+19 6.946846940824302146e+05
7.369963200000000000e+13 9.462151969859595469e+19 6.940851471694950014e+05
7.379424000000000000e+13 9.468712906938998784e+19 6.934865000214687316e+05
7.388884800000000000e+13 9.475268188844633293e+19 6.928887520752709825e+05
7.398345600000000000e+13 9.481817824078228685e+19 6.922919027561380062e+05
7.407806400000000000e+13 9.488361821135970304e+19 6.916959514777676668e+05
7.417267200000000000e+13 9.494900188508386099e+19 6.911008976424626308e+05
7.426728000000000000e+13 9.501432934680245043e+19 6.905067406412719283e+05
7.436188800000000000e+13 9.507960068130448998e+19 6.899134798541321652e+05
7.445649600000000000e+13 9.514481597331929498e+19 6.893211146500062896e+05
7.455110400000000000e+13 9.520997530751546163e+19 6.887296443870217772e+05
7.464571200000000000e+13 9.527507876849983488e+19 6.881390684126076521e+05
7.474032000000000000e+13 9.534012644081654170e+19 6.875493860636296449e+05
7.483492800000000000e+13 9.540511840894597530e+19 6.869605966665245360e+05
7.492953600000000000e+13 9.547005475730381210e+19 6.863726995374331018e+05
7.502414400000000000e+13 9.553493557024009421e+19 6.857856939823318971e+05
7.511875200000000000e+13 9.559976093203824640e+19 6.851995792971637566e+05
7.521336000000000000e+13 9.566453092691414221e+19 6.846143547679670155e+05
7.530796800000000000e+13 9.572924563901517005e+19 6.840300196710036835e+05
7.540257600000000000e+13 9.579390515241936486e+19 6.834465732728863368e+05
7.549718400000000000e+13 9.585850955113447424e+19 6.828640148307037307e+05
7.559179200000000000e+13 9.592305891909704090e+19 6.822823435921453638e+05
7.568640000000000000e+13 9.598755334017158349e+19 6.817015587956248783e+05
7.578100800000000000e+13 9.605199289814967910e+19 6.811216596704021795e+05
7.587561600000000000e+13 9.611637767674916045e+19 6.805426454367045080e+05
7.597022400000000000e+13 9.618070775961321472e+19 6.799645153058464639e+05
7.606483200000000000e+13 9.624498323030959718e+19 6.793872684803485172e+05
7.615944000000000000e+13 9.630920417232981197e+19 6.788109041540548205e+05
7.625404800000000000e+13 9.637337066908824371e+19 6.782354215122497408e+05
7.634865600000000000e+13 9.643748280392142029e+19 6.776608197317733429e+05
7.644326400000000000e+13 9.650154066008722637e+19 6.770870979811355937e+05
7.653787200000000000e+13 9.656554432076406784e+19 6.765142554206296336e+05
7.663248000000000000e+13 9.662949386905015091e+19 6.759422912024441175e+05
7.672708800000000000e+13 9.669338938796272845e+19 6.753712044707741588e+05
7.682169600000000000e+13 9.675723096043732992e+19 6.748009943619314581e+05
7.691630400000000000e+13 9.682101866932702413e+19 6.742316600044532679e+05
7.701091200000000000e+13 9.688475259740174746e+19 6.736632005192103097e+05
7.710552000000000000e+13 9.694843282734751744e+19 6.730956150195138762e+05
7.720012800000000000e+13 9.701205944176576102e+19 6.725289026112214196e+05
7.729473600000000000e+13 9.707563252317262643e+19 6.719630623928417917e+05
7.738934400000000000e+13 9.713915215399827866e+19 6.713980934556388529e+05
7.748395200000000000e+13 9.720261841658624410e+19 6.708339948837346165e+05
7.757856000000000000e+13 9.726603139319272243e+19 6.702707657542107627e+05
7.767316800000000000e+13 9.732939116598594765e+19 6.697084051372099202e+05
7.776777600000000000e+13 9.739269781704553267e+19 6.691469120960355503e+05
7.786238400000000000e+13 9.745595142836183040e+19 6.685862856872505508e+05
7.795699200000000000e+13 9.751915208183532749e+19 6.680265249607758597e+05
7.805160000000000000e+13 9.758229985927597261e+19 6.674676289599869633e+05
7.814620800000000000e+13 9.764539484240263578e+19 6.669095967218102887e+05
7.824081600000000000e+13 9.770843711284243661e+19 6.663524272768185474e+05
7.833542400000000000e+13 9.777142675213022003e+19 6.657961196493245661e+05
7.843003200000000000e+13 9.783436384170791731e+19 6.652406728574751178e+05
7.852464000000000000e+13 9.789724846292400538e+19 6.646860859133430058e+05
7.861924800000000000e+13 9.796008069703293338e+19 6.641323578230186831e+05
7.871385600000000000e+13 9.802286062519453286e+19 6.635794875867010560e+05
7.880846400000000000e+13 9.808558832847352627e+19 6.630274741987871239e+05
7.890307200000000000e+13 9.814826388783895347e+19 6.624763166479608044e+05
7.899768000000000000e+13 9.821088738416364749e+19 6.619260139172809431e+05
7.909228800000000000e+13 9.827345889822367744e+19 6.613765649842686253e+05
7.918689600000000000e+13 9.833597851069788979e+19 6.608279688209932065e+05
7.928150400000000000e+13 9.839844630216736768e+19 6.602802243941578781e+05
7.937611200000000000e+13 9.846086235311493939e+19 6.597333306651844177e+05
7.947072000000000000e+13 9.852322674392467046e+19 6.591872865902966587e+05
7.956532800000000000e+13 9.858553955488140493e+19 6.586420911206034943e+05
7.965993600000000000e+13 9.864780086617027379e+19 6.580977432021811837e+05
7.975454400000000000e+13 9.871001075787623629e+19 6.575542417761546094e+05
7.984915200000000000e+13 9.877216930998358835e+19 6.570115857787773712e+05
7.994376000000000000e+13 9.883427660237556941e+19 6.564697741415119963e+05
8.003836800000000000e+13 9.889633271483385446e+19 6.559288057911085198e+05
8.013297600000000000e+13 9.895833772703814451e+19 6.553886796496828320e+05
8.022758400000000000e+13 9.902029171856575693e+19 6.548493946347937454e+05
8.032219200000000000e+13 9.908219476889115034e+19 6.543109496595198289e+05
8.041680000000000000e+13 9.914404695738553139e+19 6.537733436325349612e+05
8.051140800000000000e+13 9.920584836331647795e+19 6.532365754581834190e+05
8.060601600000000000e+13 9.926759906584748032e+19 6.527006440365543822e+05
8.070062400000000000e+13 9.932929914403759718e+19 6.521655482635552762e+05
8.079523200000000000e+13 9.939094867684102963e+19 6.516312870309846476e+05
8.088984000000000000e+13 9.945254774310674432e+19 6.510978592266041087e+05
8.098444800000000000e+13 9.951409642157811302e+19 6.505652637342097005e+05
8.107905600000000000e+13 9.957559479089253581e+19 6.500334994337029057e+05
8.117366400000000000e+13 9.963704292958108058e+19 6.495025652011599159e+05
8.126827200000000000e+13 9.969844091606813901e+19 6.489724599089013645e+05
8.136288000000000000e+13 9.975978882867104973e+19 6.484431824255606625e+05
8.145748800000000000e+13 9.982108674559978701e+19 6.479147316161516355e+05
8.155209600000000000e+13 9.988233474495660032e+19 6.473871063421358122e+05
8.164670400000000000e+13 9.994353290473570304e+19 6.468603054614888970e+05
8.174131200000000000e+13 1.000046813028229284e+20 6.463343278287664289e+05
8.183592000000000000e+13 1.000657800169954345e+20 6.458091722951689735e+05
8.193052800000000000e+13 1.001268291249213768e+20 6.452848377086063847e+05
8.202513600000000000e+13 1.001878287041595965e+20 6.447613229137617163e+05
8.211974400000000000e+13 1.002487788321593590e+20 6.442386267521543195e+05
8.221435200000000000e+13 1.003096795862600253e+20 6.437167480622022413e+05
8.230896000000000000e+13 1.003705310436907745e+20 6.431956856792841572e+05
8.240356800000000000e+13 1.004313332815703081e+20 6.426754384358003736e+05
8.249817600000000000e+13 1.004920863769066045e+20 6.421560051612335956e+05
8.259278400000000000e+13 1.005527904065966244e+20 6.416373846822087653e+05
8.268739200000000000e+13 1.006134454474260480e+20 6.411195758225524332e+05
8.278200000000000000e+13 1.006740515760690299e+20 6.406025774033513153e+05
8.287660800000000000e+13 1.007346088690879201e+20 6.400863882430105004e+05
8.297121600000000000e+13 1.007951174029330514e+20 6.395710071573110763e+05
8.306582400000000000e+13 1.008555772539424768e+20 6.390564329594665905e+05
8.316043200000000000e+13 1.009159884983417242e+20 6.385426644601798616e+05
8.325504000000000000e+13 1.009763512122435666e+20 6.380297004676985089e+05
8.334964800000000000e+13 1.010366654716478095e+20 6.375175397878699005e+05
8.344425600000000000e+13 1.010969313524410614e+20 6.370061812241958687e+05
8.353886400000000000e+13 1.011571489303965204e+20 6.364956235778868431e+05
8.363347200000000000e+13 1.012173182811737457e+20 6.359858656479149358e+05
8.372808000000000000e+13 1.012774394803184599e+20 6.354769062310671434e+05
8.382268800000000000e+13 1.013375126032623534e+20 6.349687441219975008e+05
8.391729600000000000e+13 1.013975377253228872e+20 6.344613781132787699e+05
8.401190400000000000e+13 1.014575149217031127e+20 6.339548069954537787e+05
8.410651200000000000e+13 1.015174442674914427e+20 6.334490295570860617e+05
8.420112000000000000e+13 1.015773258376615199e+20 6.329440445848099189e+05
8.429572800000000000e+13 1.016371597070720041e+20 6.324398508633800084e+05
8.439033600000000000e+13 1.016969459504664084e+20 6.319364471757205902e+05
8.448494400000000000e+13 1.017566846424729354e+20 6.314338323029739549e+05
8.457955200000000000e+13 1.018163758576042967e+20 6.309320050245486200e+05
8.467416000000000000e+13 1.018760196702575821e+20 6.304309641181664774e+05
8.476876800000000000e+13 1.019356161547140956e+20 6.299307083599101752e+05
8.486337600000000000e+13 1.019951653851391918e+20 6.294312365242695669e+05
8.495798400000000000e+13 1.020546674355821117e+20 6.289325473841876956e+05
8.505259200000000000e+13 1.021141223799759012e+20 6.284346397111063125e+05
8.514720000000000000e+13 1.021735302921372140e+20 6.279375122750108130e+05
8.524180800000000000e+13 1.022328912457662136e+20 6.274411638444750570e+05
8.533641600000000000e+13 1.022922053144464261e+20 6.269455931867051404e+05
8.543102400000000000e+13 1.023514725716446085e+20 6.264507990675831679e+05
8.552563200000000000e+13 1.024106930907106673e+20 6.259567802517103264e+05
8.562024000000000000e+13 1.024698669448774779e+20 6.254635355024497258e+05
8.571484800000000000e+13 1.025289942072608358e+20 6.249710635819681920e+05
8.580945600000000000e+13 1.025880749508593091e+20 6.244793632512784097e+05
8.590406400000000000e+13 1.026471092485541396e+20 6.239884332702799002e+05
8.599867200000000000e+13 1.027060971731091456e+20 6.234982723978001159e+05
8.609328000000000000e+13 1.027650387971706225e+20 6.230088793916346040e+05
8.618788800000000000e+13 1.028239341932672614e+20 6.225202530085871695e+05
8.628249600000000000e+13 1.028827834338100183e+20 6.220323920045091072e+05
8.637710400000000000e+13 1.029415865910920806e+20 6.215452951343386667e+05
8.647171200000000000e+13 1.030003437372887695e+20 6.210589611521391198e+05
8.656632000000000000e+13 1.030590549444574085e+20 6.205733888111376436e+05
8.666092800000000000e+13 1.031177202845373399e+20 6.200885768637625733e+05
8.675553600000000000e+13 1.031763398293497610e+20 6.196045240616810042e+05
8.685014400000000000e+13 1.032349136505977405e+20 6.191212291558359284e+05
8.694475200000000000e+13 1.032934418198660710e+20 6.186386908964824397e+05
8.703936000000000000e+13 1.033519244086212854e+20 6.181569080332240555e+05
8.713396800000000000e+13 1.034103614882115256e+20 6.176758793150484562e+05
8.722857600000000000e+13 1.034687531298665431e+20 6.171956034903629916e+05
8.732318400000000000e+13 1.035270994046976164e+20 6.167160793070292566e+05
8.741779200000000000e+13 1.035854003836975350e+20 6.162373055123978993e+05
8.751240000000000000e+13 1.036436561377405010e+20 6.157592808533427306e+05
8.760700800000000000e+13 1.037018667375821455e+20 6.152820040762946010e+05
8.770161600000000000e+13 1.037600322538594632e+20 6.148054739272746956e+05
8.779622400000000000e+13 1.038181527570907464e+20 6.143296891519275960e+05
8.789083200000000000e+13 1.038762283176756183e+20 6.138546484955539927e+05
8.798544000000000000e+13 1.039342590058949345e+20 6.133803507031426998e+05
8.808004800000000000e+13 1.039922448919108321e+20 6.129067945194030181e+05
8.817465600000000000e+13 1.040501860457666150e+20 6.124339786887959344e+05
8.826926400000000000e+13 1.041080825373868196e+20 6.119619019555654377e+05
8.836387200000000000e+13 1.041659344365771489e+20 6.114905630637692520e+05
8.845848000000000000e+13 1.042237418130244731e+20 6.110199607573095709e+05
8.855308800000000000e+13 1.042815047362968125e+20 6.105500937799629755e+05
8.864769600000000000e+13 1.043392232758433055e+20 6.100809608754102373e+05
8.874230400000000000e+13 1.043968975009942733e+20 6.096125607872658875e+05
8.883691200000000000e+13 1.044545274809611223e+20 6.091448922591070877e+05
8.893152000000000000e+13 1.045121132848364257e+20 6.086779540345027344e+05
8.902612800000000000e+13 1.045696549815938580e+20 6.082117448570416309e+05
8.912073600000000000e+13 1.046271526400882606e+20 6.077462634703605436e+05
8.921534400000000000e+13 1.046846063290556088e+20 6.072815086181721417e+05
8.930995200000000000e+13 1.047420161171130286e+20 6.068174790442924714e+05
8.940456000000000000e+13 1.047993820727588291e+20 6.063541734926679637e+05
8.949916800000000000e+13 1.048567042643724698e+20 6.058915907074022107e+05
8.959377600000000000e+13 1.049139827602146427e+20 6.054297294327826239e+05
8.968838400000000000e+13 1.049712176284272558e+20 6.049685884133066284e+05
8.978299200000000000e+13 1.050284089370334331e+20 6.045081663937071571e+05
8.987760000000000000e+13 1.050855567539375800e+20 6.040484621189788450e+05
8.997220800000000000e+13 1.051426611469254164e+20 6.035894743344025919e+05
9.006681600000000000e+13 1.051997221836639437e+20 6.031312017855710583e+05
9.016142400000000000e+13 1.052567399317015593e+20 6.026736432184132282e+05
9.025603200000000000e+13 1.053137144584680079e+20 6.022167973792185076e+05
9.035064000000000000e+13 1.053706458312744960e+20 6.017606630146610551e+05
9.044524800000000000e+13 1.054275341173136753e+20 6.013052388718236471e+05
9.053985600000000000e+13 1.054843793836597084e+20 6.008505236982208444e+05
9.063446400000000000e+13 1.055411816972683182e+20 6.003965162418225082e+05
9.072907200000000000e+13 1.055979411249767875e+20 5.999432152510765009e+05
9.082368000000000000e+13 1.056546577335040737e+20 5.994906194749317365e+05
9.091828800000000000e+13 1.057113315894508093e+20 5.990387276628599502e+05
9.101289600000000000e+13 1.057679627592993505e+20 5.985875385648785159e+05
9.110750400000000000e+13 1.058245513094138921e+20 5.981370509315716336e+05
9.120211200000000000e+13 1.058810973060404347e+20 5.976872635141124483e+05
9.129672000000000000e+13 1.059376008153069158e+20 5.972381750642837724e+05
9.139132800000000000e+13 1.059940619032232264e+20 5.967897843344998546e+05
9.148593600000000000e+13 1.060504806356813087e+20 5.963420900778264040e+05
9.158054400000000000e+13 1.061068570784551731e+20 5.958950910480016610e+05
9.167515200000000000e+13 1.061631912972010127e+20 5.954487859994564205e+05
9.176976000000000000e+13 1.062194833574572196e+20 5.950031736873340560e+05
9.186436800000000000e+13 1.062757333246445158e+20 5.945582528675104259e+05
9.195897600000000000e+13 1.063319412640659538e+20 5.941140222966133151e+05
9.205358400000000000e+13 1.063881072409070469e+20 5.936704807320415275e+05
9.214819200000000000e+13 1.064442313202358354e+20 5.932276269319842104e+05
9.224280000000000000e+13 1.065003135670029189e+20 5.927854596554395976e+05
9.233740800000000000e+13 1.065563540460415877e+20 5.923439776622331701e+05
9.243201600000000000e+13 1.066123528220678717e+20 5.919031797130365157e+05
9.252662400000000000e+13 1.066683099596806554e+20 5.914630645693850238e+05
9.262123200000000000e+13 1.067242255233617101e+20 5.910236309936959296e+05
9.271584000000000000e+13 1.067800995774758093e+20 5.905848777492858935e+05
9.281044800000000000e+13 1.068359321862708429e+20 5.901468036003883462e+05
9.290505600000000000e+13 1.068917234138778337e+20 5.897094073121706024e+05
9.299966400000000000e+13 1.069474733243111014e+20 5.892726876507509733e+05
9.309427200000000000e+13 1.070031819814682952e+20 5.888366433832152979e+05
9.318888000000000000e+13 1.070588494491305411e+20 5.884012732776335906e+05
9.328348800000000000e+13 1.071144757909625078e+20 5.879665761030763388e+05
9.337809600000000000e+13 1.071700610705124721e+20 5.875325506296303356e+05
9.347270400000000000e+13 1.072256053512124826e+20 5.870991956284149783e+05
9.356731200000000000e+13 1.072811086963784090e+20 5.866665098715974018e+05
9.366192000000000000e+13 1.073365711692100731e+20 5.862344921324083116e+05
9.375652800000000000e+13 1.073919928327913144e+20 5.858031411851571174e+05
9.385113600000000000e+13 1.074473737500901376e+20 5.853724558052468346e+05
9.394574400000000000e+13 1.075027139839587779e+20 5.849424347691891016e+05
9.404035200000000000e+13 1.075580135971338322e+20 5.845130768546186155e+05
9.413496000000000000e+13 1.076132726522363740e+20 5.840843808403078001e+05
9.422956800000000000e+13 1.076684912117720187e+20 5.836563455061808927e+05
9.432417600000000000e+13 1.077236693381310874e+20 5.832289696333280299e+05
9.441878400000000000e+13 1.077788070935886889e+20 5.828022520040189847e+05
9.451339200000000000e+13 1.078339045403048182e+20 5.823761914017169038e+05
9.460800000000000000e+13 1.078889617403245199e+20 5.819507866110919276e+05
