5.000000000000000278e-02 6.283185307179586232e-01 5.983726182165284113e+38 3.864226696639160160e+06 4.370119085710822401e+04 -1.007976437151604316e-08 1.304857099387516476e-12
1.111111111111111049e-01 1.396263401595463582e+00 1.329716929370063153e+39 3.820831936020244844e+06 4.386347407722283242e+04 -1.011761548794198624e-08 1.287881412145588013e-12
1.722222222222222210e-01 2.164208272472968542e+00 2.061061240523597819e+39 3.777143251924931537e+06 4.400063675132756180e+04 -1.014964594216961255e-08 1.271195518446261050e-12
2.333333333333332815e-01 2.932153143350472835e+00 2.792405551677131730e+39 3.733166227102883626e+06 4.411281021149476874e+04 -1.017588738651638371e-08 1.254783926580800791e-12
2.944444444444443976e-01 3.700098014227978016e+00 3.523749862830667151e+39 3.688907829229190480e+06 4.420014789160116197e+04 -1.019637647247887386e-08 1.238631802001747571e-12
3.555555555555555136e-01 4.468042885105482753e+00 4.255094173984201364e+39 3.644376486470823642e+06 4.426282803853123914e+04 -1.021115548670346657e-08 1.222724978244597483e-12
4.166666666666665741e-01 5.235987755982987046e+00 4.986438485137735577e+39 3.599582156645944808e+06 4.430105643088770012e+04 -1.022027298761142105e-08 1.207049969046892180e-12
4.777777777777776902e-01 6.003932626860492228e+00 5.717782796291270998e+39 3.554536388155132532e+06 4.431506906652170437e+04 -1.022378443388485345e-08 1.191593980677925898e-12
5.388888888888888618e-01 6.771877497737998297e+00 6.449127107444805816e+39 3.509252370783618651e+06 4.430513477392992354e+04 -1.022175279453467981e-08 1.176344924753058142e-12
5.999999999999999778e-01 7.539822368615503478e+00 7.180471418598341842e+39 3.463744974461454898e+06 4.427155770013047731e+04 -1.021424912971070104e-08 1.161291430728092665e-12
