5.000000000000000278e-02 6.283185307179586232e-01 5.983726182165284113e+38 5.332556493452907307e+05 3.342387136267795722e+04 -7.718005049273962877e-09 3.141360690584014120e-13
1.111111111111111049e-01 1.396263401595463582e+00 1.329716929370063153e+39 4.726205521491994150e+05 3.439901604738394235e+04 -7.943549675854411228e-09 2.553839104518701123e-13
1.722222222222222210e-01 2.164208272472968542e+00 2.061061240523597819e+39 4.150488407420324511e+05 3.587006815411043499e+04 -8.283663087273096773e-09 1.592273971074098387e-13
2.333333333333332815e-01 2.932153143350472835e+00 2.792405551677131730e+39 3.592274946082431707e+05 3.809663211496084841e+04 -8.798078790361935428e-09 4.866299790156983724e-14
2.944444444444443976e-01 3.700098014227978016e+00 3.523749862830667151e+39 3.035730866521870485e+05 4.160842749115307379e+04 -9.608122714483522388e-09 3.572313013709848454e-13
3.555555555555555136e-01 4.468042885105482753e+00 4.255094173984201364e+39 2.455686619378415635e+05 4.778340301341547456e+04 -1.102588062459492073e-08 1.169358072616732184e-12
4.166666666666665741e-01 5.235987755982987046e+00 4.986438485137735577e+39 1.778834057898610190e+05 6.391657574756037502e+04 -1.461075996430795450e-08 5.423947906177898698e-12
4.777777777777776902e-01 6.003932626860492228e+00 5.717782796291270998e+39 1.440432141891203646e+05 5.320718785842573561e+04 -1.794812837149248499e-08 9.798533174946735776e-12
5.388888888888888618e-01 6.771877497737998297e+00 6.449127107444805816e+39 1.073976740595282899e+05 3.901773685268827103e+04 -2.373651856603166086e-08 1.861175762175435017e-11
5.999999999999999778e-01 7.539822368615503478e+00 7.180471418598341842e+39 5.657937730953386199e+04 2.020526123927394656e+04 -4.408742768710274746e-08 6.978802241225988408e-11
