5.000000000000000278e-02 6.283185307179586232e-01 5.983726182165284113e+38 2.654510163824166171e+06 7.936727272190438816e+04 -1.830532780281745598e-08 2.415068286570935968e-12
1.111111111111111049e-01 1.396263401595463582e+00 1.329716929370063153e+39 2.492095561475271359e+06 8.070154048037067696e+04 -1.861354336743694710e-08 2.431341148362809917e-12
1.722222222222222210e-01 2.164208272472968542e+00 2.061061240523597819e+39 2.296027574087381363e+06 7.918767553434635920e+04 -1.826540988949770308e-08 2.332335193789121834e-12
2.333333333333332815e-01 2.932153143350472835e+00 2.792405551677131730e+39 2.083496832741778344e+06 7.559876849289500387e+04 -1.743865987309121642e-08 2.170237077365317486e-12
2.944444444444443976e-01 3.700098014227978016e+00 3.523749862830667151e+39 1.874307846793886740e+06 7.105775565312535036e+04 -1.639204075992893119e-08 1.992513119506097143e-12
3.555555555555555136e-01 4.468042885105482753e+00 4.255094173984201364e+39 1.681130662516554585e+06 6.637594726854418695e+04 -1.531269895941714888e-08 1.823184559349961852e-12
4.166666666666665741e-01 5.235987755982987046e+00 4.986438485137735577e+39 1.508815663429113105e+06 6.198036121190072299e+04 -1.429921817188985633e-08 1.670480791857990573e-12
4.777777777777776902e-01 6.003932626860492228e+00 5.717782796291270998e+39 1.357437262664585141e+06 5.804644624701163411e+04 -1.339214425828275029e-08 1.535515367070852494e-12
5.388888888888888618e-01 6.771877497737998297e+00 6.449127107444805816e+39 1.224962739031628706e+06 5.461857972174014867e+04 -1.260176492224236599e-08 1.416745057646062538e-12
5.999999999999999778e-01 7.539822368615503478e+00 7.180471418598341842e+39 1.108745400227494538e+06 5.168217237017707521e+04 -1.192474788813963948e-08 1.311816174661493875e-12
