5.000000000000000278e-02 6.283185307179586232e-01 5.983726182165284113e+38 1.465630218333571916e+06 5.006147256786661455e+04 -1.155623182180338955e-08 8.819643176423671725e-13
1.111111111111111049e-01 1.396263401595463582e+00 1.329716929370063153e+39 1.278155498186189681e+06 4.740125564847630449e+04 -1.094175623127485492e-08 8.684057518640786751e-13
1.722222222222222210e-01 2.164208272472968542e+00 2.061061240523597819e+39 1.126391448145537637e+06 4.508739684557016153e+04 -1.040745083520928680e-08 8.419306670224916643e-13
2.333333333333332815e-01 2.932153143350472835e+00 2.792405551677131730e+39 1.000236615930415224e+06 4.314320409248377109e+04 -9.958641467078960958e-09 8.084644907713651641e-13
2.944444444444443976e-01 3.700098014227978016e+00 3.523749862830667151e+39 8.930140571266206680e+05 4.155857333489766461e+04 -9.592961951134543279e-09 7.707654799196276828e-13
3.555555555555555136e-01 4.468042885105482753e+00 4.255094173984201364e+39 8.001178656642410206e+05 4.031667021394891344e+04 -9.306507642380670247e-09 7.297525924436853961e-13
4.166666666666665741e-01 5.235987755982987046e+00 4.986438485137735577e+39 7.182497038544627139e+05 3.940513807652198011e+04 -9.096418764468640769e-09 6.850773035239877242e-13
4.777777777777776902e-01 6.003932626860492228e+00 5.717782796291270998e+39 6.449637599862215575e+05 3.882188328160189121e+04 -8.962213385117928550e-09 6.352463519707608968e-13
5.388888888888888618e-01 6.771877497737998297e+00 6.449127107444805816e+39 5.783807880442194873e+05 3.857985103218965378e+04 -8.906887892843114839e-09 5.773645215013887713e-13
5.999999999999999778e-01 7.539822368615503478e+00 7.180471418598341842e+39 5.169971308423425071e+05 3.871360386569451657e+04 -8.938432287321856545e-09 5.063689630999525221e-13
