5.000000000000000278e-02 6.283185307179586232e-01 5.983726182165284113e+38 2.898111762341585476e+06 4.748526463552434143e+04 -1.095703273317661025e-08 1.165409692770879480e-12
1.111111111111111049e-01 1.396263401595463582e+00 1.329716929370063153e+39 2.808034543135007843e+06 4.711870950865075429e+04 -1.087253811786975895e-08 1.150979006121958299e-12
1.722222222222222210e-01 2.164208272472968542e+00 2.061061240523597819e+39 2.715308445758608636e+06 4.667551020822027931e+04 -1.077033447111025942e-08 1.136139681457245156e-12
2.333333333333332815e-01 2.932153143350472835e+00 2.792405551677131730e+39 2.620188800733181648e+06 4.615327782063651830e+04 -1.064987216632981007e-08 1.120746505925960929e-12
2.944444444444443976e-01 3.700098014227978016e+00 3.523749862830667151e+39 2.523048440850811545e+06 4.555133493544356315e+04 -1.051099688156218513e-08 1.104666382933106265e-12
3.555555555555555136e-01 4.468042885105482753e+00 4.255094173984201364e+39 2.424377435985483229e+06 4.487121637140922394e+04 -1.035406513965227133e-08 1.087791494824127757e-12
4.166666666666665741e-01 5.235987755982987046e+00 4.986438485137735577e+39 2.324769922814551741e+06 4.411702245231670531e+04 -1.018002578127160105e-08 1.070051898300506496e-12
4.777777777777776902e-01 6.003932626860492228e+00 5.717782796291270998e+39 2.224897709894925822e+06 4.329553228456985380e+04 -9.990446015141346246e-09 1.051425198977825038e-12
5.388888888888888618e-01 6.771877497737998297e+00 6.449127107444805816e+39 2.125473282214864623e+06 4.241602436534145818e+04 -9.787469900576941398e-09 1.031941283640616670e-12
5.999999999999999778e-01 7.539822368615503478e+00 7.180471418598341842e+39 2.027207391765665263e+06 4.148981330105967936e+04 -9.573711305452322151e-09 1.011681055286909120e-12
