5.000000000000000278e-02 6.283185307179586232e-01 5.983726182165284113e+38 2.887670850538807455e+06 9.165401907645017491e+04 -2.115407974260836051e-08 1.889243311472492267e-12
1.111111111111111049e-01 1.396263401595463582e+00 1.329716929370063153e+39 2.344442758506790735e+06 8.030726928029359260e+04 -1.853420804080103033e-08 1.728443274694563686e-12
1.722222222222222210e-01 2.164208272472968542e+00 2.061061240523597819e+39 1.953330289636453148e+06 7.156586759013487608e+04 -1.651612562858941086e-08 1.585683380444699988e-12
2.333333333333332815e-01 2.932153143350472835e+00 2.792405551677131730e+39 1.662914085301199928e+06 6.462227317416925507e+04 -1.491331915671937432e-08 1.455849272361852725e-12
2.944444444444443976e-01 3.700098014227978016e+00 3.523749862830667151e+39 1.439284317583528813e+06 5.907376799510746059e+04 -1.363272530225841864e-08 1.339547092120197134e-12
3.555555555555555136e-01 4.468042885105482753e+00 4.255094173984201364e+39 1.261386648735519964e+06 5.462255611398783367e+04 -1.260553560339368189e-08 1.236102461604730227e-12
4.166666666666665741e-01 5.235987755982987046e+00 4.986438485137735577e+39 1.115893204927826300e+06 5.104332505760363711e+04 -1.177970248288486027e-08 1.143837201760477330e-12
4.777777777777776902e-01 6.003932626860492228e+00 5.717782796291270998e+39 9.940656184232952073e+05 4.816918448490479204e+04 -1.111668335573146700e-08 1.060678019133241247e-12
5.388888888888888618e-01 6.771877497737998297e+00 6.449127107444805816e+39 8.899627543284528656e+05 4.587893832850043691e+04 -1.058849560384169749e-08 9.844331390993154153e-13
5.999999999999999778e-01 7.539822368615503478e+00 7.180471418598341842e+39 7.994048899884533603e+05 4.408686363558567245e+04 -1.017535316578629634e-08 9.128284509918759609e-13
