   0.0000000000000000        2.8609204280651997E-021
   1.0000000000000000E-002   2.6113439271023284E-021
   2.0000000000000000E-002   2.5353662711722049E-021
   2.9999999999999999E-002   2.4789704356952855E-021
   4.0000000000000001E-002   2.4209275465699385E-021
   5.0000000000000003E-002   2.3641802248161881E-021
   5.9999999999999998E-002   2.3126621311967100E-021
   7.0000000000000007E-002   2.2623099415604447E-021
   8.0000000000000002E-002   2.2305968823667926E-021
   8.9999999999999997E-002   2.2342501306132746E-021
  0.10000000000000001        2.1857808229477851E-021
  0.11000000000000000        2.1462672795317964E-021
  0.12000000000000000        2.1144766035604436E-021
  0.13000000000000000        2.0766215981825753E-021
  0.14000000000000001        2.0119444994905662E-021
  0.14999999999999999        1.9990317635738181E-021
  0.16000000000000000        1.9504178282602922E-021
  0.17000000000000001        1.9102743277664490E-021
  0.17999999999999999        1.8754452141410175E-021
  0.19000000000000000        1.8258941107973089E-021
  0.20000000000000001        1.8095091886595234E-021
  0.20999999999999999        1.7558908379090187E-021
  0.22000000000000000        1.7227833779686148E-021
  0.23000000000000001        1.6971720027635077E-021
  0.23999999999999999        1.6240949783287254E-021
  0.25000000000000000        1.6046184735141308E-021
  0.26000000000000001        1.5963330674004602E-021
  0.27000000000000002        1.5176221277384643E-021
  0.28000000000000003        1.4898427145331109E-021
  0.28999999999999998        0.0000000000000000     
  0.29999999999999999        1.4344363852060537E-021
  0.31000000000000000        0.0000000000000000     
  0.32000000000000001        1.3297348269811555E-021
  0.33000000000000002        1.3364905927800887E-021
  0.34000000000000002        1.2252391541635706E-021
  0.35000000000000003        1.2084031653756318E-021
  0.35999999999999999        0.0000000000000000     
  0.37000000000000000        1.1333259517436198E-021
  0.38000000000000000        1.1199856164665611E-021
  0.39000000000000001        1.0418451998577625E-021
  0.40000000000000002        1.0538137393104009E-021
  0.41000000000000003        1.0293690902366724E-021
  0.41999999999999998        9.8824139358805195E-022
  0.42999999999999999        9.6498888983757930E-022
  0.44000000000000000        9.0289443392885889E-022
  0.45000000000000001        9.1079359598673225E-022
  0.46000000000000002        8.8801551687629745E-022
  0.47000000000000003        8.2233257552851955E-022
  0.47999999999999998        0.0000000000000000     
  0.48999999999999999        7.8995067105078552E-022
  0.50000000000000000        0.0000000000000000     
  0.51000000000000001        0.0000000000000000     
  0.52000000000000002        0.0000000000000000     
  0.53000000000000003        6.6669958042975872E-022
  0.54000000000000004        6.2572169244549210E-022
  0.55000000000000004        6.0272241572717025E-022
  0.56000000000000005        5.7580712549107930E-022
  0.57000000000000006        5.4102604148392913E-022
  0.57999999999999996        5.2149255453218916E-022
  0.58999999999999997        4.9680420051902082E-022
  0.59999999999999998        4.8803116703991569E-022
  0.60999999999999999        5.0283826468319042E-022
  0.62000000000000000        4.5003999556558427E-022
  0.63000000000000000        4.3152859312758718E-022
  0.64000000000000001        3.9865717441147246E-022
  0.65000000000000002        3.5723733708561068E-022
  0.66000000000000003        3.5433122646933045E-022
  0.67000000000000004        3.4424698248839265E-022
  0.68000000000000005        0.0000000000000000     
  0.69000000000000006        3.1358121707895322E-022
  0.70000000000000007        2.8849872204633832E-022
  0.70999999999999996        2.6169860115780306E-022
  0.71999999999999997        2.4847452173813198E-022
  0.72999999999999998        2.3181607291710785E-022
  0.73999999999999999        2.1359104939249506E-022
  0.75000000000000000        1.9844759903538932E-022
  0.76000000000000001        1.8023716525865112E-022
  0.77000000000000002        1.6477243393302253E-022
  0.78000000000000003        1.5333611468419188E-022
  0.79000000000000004        1.4613592729288213E-022
  0.80000000000000004        1.2402850684346195E-022
  0.81000000000000005        1.1750237225986405E-022
  0.82000000000000006        1.0560511543118442E-022
  0.83000000000000007        9.2230202614469852E-023
  0.83999999999999997        8.5065161160027979E-023
  0.84999999999999998        7.4371512175574781E-023
  0.85999999999999999        6.3584668923631455E-023
  0.87000000000000000        5.7645810194303387E-023
  0.88000000000000000        4.8340264660142068E-023
  0.89000000000000001        4.0451117507537214E-023
  0.90000000000000002        3.2536582886464218E-023
  0.91000000000000003        2.6709977612461711E-023
  0.92000000000000004        2.2178299226893583E-023
  0.93000000000000005        1.6791245442257311E-023
  0.94000000000000006        1.2472437154494268E-023
  0.95000000000000007        8.9466020598206242E-024
  0.95999999999999996        5.4081307751257491E-024
  0.96999999999999997        3.0239466442222115E-024
  0.97999999999999998        1.3275897670387804E-024
  0.98999999999999999        2.0313781205848239E-026
