9.999291558735216509e-05 3.207904400526198074e-01 3.155105130071730879e-01 3.157129823911247746e-01
1.109296407297188149e-04 3.207904633186253185e-01 3.156536712003928935e-01 3.158782034083362222e-01
1.281159230962949751e-04 3.207904998794911533e-01 3.158785357466905586e-01 3.161377055675395620e-01
1.593637092173425267e-04 3.207905663537929941e-01 3.162870731083986531e-01 3.166091188539887358e-01
1.906114953383900783e-04 3.207906328280950570e-01 3.166952150824094425e-01 3.170800062961540156e-01
2.499822889683804127e-04 3.207908300339291641e-01 3.174696000923714068e-01 3.179732507097599026e-01
3.124778612104755701e-04 3.210502944456090635e-01 3.182832146724919320e-01 3.189114793577588758e-01
3.749734334525706733e-04 3.209209922256682779e-01 3.190952723757063403e-01 3.198476423745549302e-01
4.374690056946658307e-04 3.213101942319928073e-01 3.199057830883407783e-01 3.207817548419000797e-01
5.062141351609703629e-04 3.213106425342067141e-01 3.207955697675056728e-01 3.218069279436721608e-01
6.249557224209511402e-04 3.215708324883735370e-01 3.223281305618357351e-01 3.235719369903690135e-01
7.499468669051412382e-04 3.223497418174351981e-01 3.239354704655626471e-01 3.254220739398645534e-01
8.749380113893316614e-04 3.228696423418493389e-01 3.255368508769087565e-01 3.272643552833901515e-01
9.999291558735216509e-04 3.235193769966835942e-01 3.271323448177041460e-01 3.290988911135739881e-01
1.124920300357711966e-03 3.244286007638897407e-01 3.287220238016446139e-01 3.309257889255697860e-01
1.249911444841902280e-03 3.248195838295460658e-01 3.303059578778941852e-01 3.327451537027428796e-01
1.374902589326092378e-03 3.258588759326281337e-01 3.318842156730738013e-01 3.345570879987410096e-01
1.499893733810282476e-03 3.266391621641171472e-01 3.334568644317070230e-01 3.363616920161331958e-01
1.624884878294472791e-03 3.274197136758013604e-01 3.350239700551935207e-01 3.381590636817924933e-01
1.799872480572338972e-03 3.287202509704539310e-01 3.372087282090205917e-01 3.406634155124221852e-01
2.024856540643881452e-03 3.306708737182569857e-01 3.400022025162608430e-01 3.438631530257690305e-01
2.224842371818586215e-03 3.323622249162292430e-01 3.424709172671195345e-01 3.466887307444751487e-01
2.474824660786966411e-03 3.347041845432955909e-01 3.455381699104828619e-01 3.501966018705194861e-01
2.724806949755347041e-03 3.374360940286933452e-01 3.485851365679223934e-01 3.536783150706095946e-01
2.974789238723727237e-03 3.395209078263183300e-01 3.516122576763492935e-01 3.571345094418461041e-01
3.224771527692107866e-03 3.422550016839384091e-01 3.546199576593238589e-01 3.605657979819231196e-01
3.474753816660488062e-03 3.444716422979251513e-01 3.576086457369002658e-01 3.639727690690199302e-01
3.724736105628868692e-03 3.468190494515608346e-01 3.605787166833370749e-01 3.673559878350657337e-01
3.974718394597248454e-03 3.494269144148922090e-01 3.635305515367283635e-01 3.707159974416427417e-01
4.224700683565629951e-03 3.521656272419411149e-01 3.664645182642429777e-01 3.740533202668563928e-01
4.474682972534010580e-03 3.543868791331937218e-01 3.693809723863273886e-01 3.773684590106708425e-01
4.724665261502390343e-03 3.569983453807672458e-01 3.722802575629345356e-01 3.806618977254707104e-01
4.974647550470770105e-03 3.600001052115947564e-01 3.751627061445704792e-01 3.839341027779567539e-01
5.224629839439150734e-03 3.627437925703030919e-01 3.780286396907129864e-01 3.871855237478998291e-01
5.474612128407532231e-03 3.657481765679225227e-01 3.808783694579399581e-01 3.904165942687615742e-01
5.724594417375911994e-03 3.679756786583621708e-01 3.837121968599073729e-01 3.936277328147228527e-01
5.974576706344291756e-03 3.709827427514614251e-01 3.865304139011425666e-01 3.968193434382505380e-01
6.224558995312673253e-03 3.738614811117149106e-01 3.893333035864564029e-01 3.999918164619589156e-01
6.474541284281053882e-03 3.763524254301448546e-01 3.921211403076325652e-01 4.031455291281892395e-01
6.849514717733624393e-03 3.805455276262785791e-01 3.962752511024625890e-01 4.078417171293534649e-01
7.349479295670384785e-03 3.857953361157386851e-01 4.017637987769904218e-01 4.140409461632013066e-01
7.849443873607146044e-03 3.916998977345638178e-01 4.071966778742808768e-01 4.201713287004751884e-01
8.349408451543907303e-03 3.970914103501633208e-01 4.125757271057051145e-01 4.262353491921114235e-01
8.849373029480666827e-03 4.024890930022163027e-01 4.179026842647629580e-01 4.322353434174154851e-01
9.349337607417428087e-03 4.076333757305213856e-01 4.231791938743628134e-01 4.381735107429057807e-01
9.849302185354189346e-03 4.127840219977222946e-01 4.284068141017354781e-01 4.440519251060959238e-01
1.034926676329095060e-02 4.182010045876759508e-01 4.335870230251399060e-01 4.498725448830600548e-01
1.084923134122771013e-02 4.232349091852186662e-01 4.387212243253063582e-01 4.556372217757233001e-01
1.134919591916447139e-02 4.286654640477435274e-01 4.438107524650374280e-01 4.613477088356367495e-01
1.184916049710123265e-02 4.339730523155148623e-01 4.488568774122709826e-01 4.670056677248833887e-01
1.234912507503799391e-02 4.398079315527336774e-01 4.538608089549717728e-01 4.726126753011591908e-01
1.284908965297475517e-02 4.443495534568766558e-01 4.588237006502657866e-01 4.781702296025548415e-01
1.334905423091151469e-02 4.495487026194764923e-01 4.637466534451096800e-01 4.836797552977688541e-01
1.384901880884827595e-02 4.547552868780704305e-01 4.686307190013692670e-01 4.891426086591284528e-01
1.434898338678503721e-02 4.599694308364240536e-01 4.734769027543516140e-01 4.945600821086411636e-01
1.484894796472179847e-02 4.646703263035298348e-01 4.782861667305210451e-01 4.999334083811637353e-01
1.534891254265855973e-02 4.696392401459399957e-01 4.830594321472336250e-01 5.052637643434774173e-01
1.584887712059531925e-02 4.744855815127266840e-01 4.877975818148089782e-01 5.105522745034982712e-01
1.634884169853208224e-02 4.793396885991403344e-01 4.925014623590498464e-01 5.158000142398854182e-01
1.684880627646884177e-02 4.839408508290918842e-01 4.971718862803905514e-01 5.210080127788740967e-01
1.734877085440560129e-02 4.884193434355895702e-01 5.018096338641535592e-01 5.261772559421655782e-01
1.784873543234236429e-02 4.930361188416025886e-01 5.064154549549003681e-01 5.313086886870893588e-01
1.834870001027912034e-02 4.987052698381627125e-01 5.109900706065430009e-01 5.364032174579650425e-01
1.884866458821588334e-02 5.029466667894376686e-01 5.155341746187113161e-01 5.414617123655804942e-01
1.934862916615264980e-02 5.074572135579017429e-01 5.200484349688431207e-01 5.464850092099419188e-01
1.984859374408940585e-02 5.124987147932431597e-01 5.245334951485408626e-01 5.514739113598848830e-01
2.034855832202616885e-02 5.170258186162031144e-01 5.289899754119214981e-01 5.564291915017759438e-01
2.084852289996292837e-02 5.216920327336781460e-01 5.334184739429637112e-01 5.613515932683005305e-01
2.134848747789968790e-02 5.253197572210428490e-01 5.378195679481997393e-01 5.662418327572689147e-01
2.184845205583645089e-02 5.305262792334458632e-01 5.421938146805216352e-01 5.711005999494040974e-01
2.234841663377321042e-02 5.344320232153337846e-01 5.465417523993512106e-01 5.759285600332271216e-01
2.284838121170996994e-02 5.395251975464476768e-01 5.508639012719563910e-01 5.807263546443937052e-01
2.334834578964673640e-02 5.434475400633683728e-01 5.551607642202720516e-01 5.854946030261549694e-01
2.384831036758349246e-02 5.477715127720033106e-01 5.594328277172148089e-01 5.902339031170108496e-01
2.459825723448863521e-02 5.542078630846162257e-01 5.657954496897137364e-01 5.972898335166950678e-01
2.559818639036215426e-02 5.631702115742481807e-01 5.741964175657405800e-01 6.066016535613757421e-01
2.659811554623567678e-02 5.721681338997811617e-01 5.825061935327183749e-01 6.158074761528149477e-01
2.759804470210920277e-02 5.808070943412479981e-01 5.907279959449567297e-01 6.249112195083420529e-01
2.859797385798272182e-02 5.894817114062150809e-01 5.988648547073707196e-01 6.339165618117110768e-01
2.959790301385624087e-02 5.980604303231709107e-01 6.069196264880520886e-01 6.428269614634724016e-01
3.059783216972976685e-02 6.062789578151949188e-01 6.148950083810069689e-01 6.516456751774699629e-01
3.159776132560328243e-02 6.151944307900998332e-01 6.227935502082727615e-01 6.603757741977195339e-01
3.259769048147680842e-02 6.228230966210246411e-01 6.306176656238653422e-01 6.690201588695140478e-01
3.359761963735033441e-02 6.307515506776500969e-01 6.383696421595359549e-01 6.775815717649166237e-01
3.459754879322384652e-02 6.395120812921574194e-01 6.460516503333516569e-01 6.860626095346079589e-01
3.559747794909737945e-02 6.475128276259068949e-01 6.536657519260731242e-01 6.944657336343440512e-01
3.659740710497089156e-02 6.560820252929350227e-01 6.612139075166448832e-01 7.027932800542723291e-01
3.759733626084441754e-02 6.638891994603162150e-01 6.686979833565002140e-01 7.110474681624064930e-01
3.859726541671793659e-02 6.721325460468878799e-01 6.761197576524070607e-01 7.192304087591337991e-01
3.959719457259145564e-02 6.798783746498372471e-01 6.834809263190569917e-01 7.273441114273444530e-01
4.059712372846498163e-02 6.881953577591960469e-01 6.907831082552257085e-01 7.353904912522262194e-01
4.159705288433850068e-02 6.956116451042415605e-01 6.980278501909901179e-01 7.433713749757355771e-01
4.259698204021202667e-02 7.029287074295195170e-01 7.052166311479780569e-01 7.512885066429572101e-01
4.359691119608555265e-02 7.109526174366241902e-01 7.123508665498519132e-01 7.591435527908382275e-01
4.459684035195907170e-02 7.190134013605899987e-01 7.194319120160629355e-01 7.669381072239422892e-01
4.559676950783259075e-02 7.260326270600838683e-01 7.264610668682800476e-01 7.746736954168090827e-01
4.659669866370610980e-02 7.338959436392424873e-01 7.334395773757258485e-01 7.823517785780861322e-01
4.759662781957962885e-02 7.411195607658482842e-01 7.403686397628516103e-01 7.899737574077412283e-01
4.859655697545315484e-02 7.491904178024908489e-01 7.472494030003430376e-01 7.975409755752952412e-01
4.959648613132667389e-02 7.563487953767240590e-01 7.540829713982833971e-01 8.050547229440481178e-01
5.059641528720019987e-02 7.634055774513975878e-01 7.608704070183937018e-01 8.125162385636697238e-01
