9.999291558735216509e-05 3.212445537494913461e-01 3.155105130071730879e-01 3.157129823911247746e-01
1.099922071494007902e-03 3.253845609754612567e-01 3.284045498187199708e-01 3.305610153304102683e-01
2.099851227400663205e-03 3.332507952173826560e-01 3.409295414743612196e-01 3.449247787153623124e-01
3.099780383307317207e-03 3.413245019415918624e-01 3.531185093862522217e-01 3.588532296080777506e-01
4.099709539213972076e-03 3.502311229131870318e-01 3.649997459130759903e-01 3.723874628361615313e-01
5.099638695120630415e-03 3.607836108297413635e-01 3.765977176094902901e-01 3.855623838090421751e-01
6.099567851027287886e-03 3.707271283325110356e-01 3.879337573185475119e-01 3.984079482757272861e-01
7.099497006933946225e-03 3.827441181546005766e-01 3.990266026016414669e-01 4.109500989111535274e-01
8.099426162840603696e-03 3.922662019580003823e-01 4.098928203421368655e-01 4.232114848848221866e-01
9.099355318747261168e-03 4.032482204410446358e-01 4.205471456833931865e-01 4.352120230060739225e-01
1.009928447465391864e-02 4.165015581439386327e-01 4.310027555691838819e-01 4.469693411881515699e-01
1.109921363056057611e-02 4.260330622993517835e-01 4.412714917117908087e-01 4.584991331233890244e-01
1.209914278646723358e-02 4.355806069900481359e-01 4.513640439918857328e-01 4.698154450232182033e-01
1.309907194237389279e-02 4.463602091161567587e-01 4.612901025675770206e-01 4.809309097158661617e-01
1.409900109828055026e-02 4.571405127773806587e-01 4.710584849951957587e-01 4.918569394793929628e-01
1.509893025418720600e-02 4.673023336694019925e-01 4.806772432146251828e-01 5.026038861866333196e-01
1.609885941009386520e-02 4.780808882442514895e-01 4.901537541743233306e-01 5.131811753051388481e-01
1.709878856600052094e-02 4.886514258807140298e-01 4.994947970608710763e-01 5.235974187991477846e-01
1.809871772190718014e-02 4.977971627591513681e-01 5.087066194820876186e-01 5.338605108663039278e-01
1.909864687781383588e-02 5.054785112239456035e-01 5.177949944801453208e-01 5.439777096024395187e-01
2.009857603372049509e-02 5.152355890275811534e-01 5.267652698850651127e-01 5.539557070487293178e-01
2.109850518962715429e-02 5.250043370625170347e-01 5.356224112330142395e-01 5.638006895843318267e-01
2.209843434553381003e-02 5.326883406923825781e-01 5.443710392486530436e-01 5.735183902466142181e-01
2.309836350144046924e-02 5.414079648127262390e-01 5.530154627121220967e-01 5.831141342630052904e-01
2.409829265734712844e-02 5.546817716409621069e-01 5.615597073885267854e-01 5.925928788435086414e-01
2.509822181325378418e-02 5.625908316600851666e-01 5.700075415829731762e-01 6.019592480962273617e-01
2.609815096916044339e-02 5.715295402630592436e-01 5.783624987913031923e-01 6.112175637789348803e-01
2.709808012506709912e-02 5.806759009923472270e-01 5.866278978410388589e-01 6.203718724794986539e-01
2.809800928097375833e-02 5.891969268359467105e-01 5.948068608551324576e-01 6.294259697205673021e-01
2.909793843688041753e-02 5.985612581085134609e-01 6.029023293201619671e-01 6.383834214045673860e-01
3.009786759278707327e-02 6.058633409257582203e-01 6.109170784984708780e-01 6.472475829500281552e-01
3.109779674869373248e-02 6.137741344488467643e-01 6.188537303887275964e-01 6.560216164166874364e-01
3.209772590460038821e-02 6.235458044635946440e-01 6.267147654101450360e-01 6.647085058724988560e-01
3.309765506050704742e-02 6.316760191784117628e-01 6.345025329610964882e-01 6.733110712187897473e-01
3.409758421641370663e-02 6.398066528388984819e-01 6.422192609822208187e-01 6.818319806590117382e-01
3.509751337232035889e-02 6.468975050928408299e-01 6.498670646366849768e-01 6.902737619706912353e-01
3.609744252822701810e-02 6.556583323608758951e-01 6.574479542054738612e-01 6.986388127184089969e-01
3.709737168413367731e-02 6.633928424637264287e-01 6.649638422829821094e-01 7.069294095272385947e-01
3.809730084004033651e-02 6.723775428865647052e-01 6.724165503474383021e-01 7.151477165204421782e-01
3.909722999594698878e-02 6.817453989636049760e-01 6.798078147714584629e-01 7.232957930119111589e-01
4.009715915185364798e-02 6.875973035584319604e-01 6.871392923301093969e-01 7.313756005324696385e-01
4.109708830776030719e-02 6.949131151813031648e-01 6.944125652570256602e-01 7.393890092593949914e-01
4.209701746366696640e-02 7.051383562400124205e-01 7.016291458932091274e-01 7.473378039101257198e-01
4.309694661957362560e-02 7.122280322590479607e-01 7.087904809680198870e-01 7.552236891538808283e-01
4.409687577548027787e-02 7.209985977711699245e-01 7.158979555474025425e-01 7.630482945886561952e-01
4.509680493138693708e-02 7.281081152347586016e-01 7.229528966805124357e-01 7.708131793256250974e-01
4.609673408729359628e-02 7.347627397032583385e-01 7.299565767725014753e-01 7.785198362182391696e-01
4.709666324320025549e-02 7.410551380958299017e-01 7.369102167082541843e-01 7.861696957692083654e-01
4.809659239910691469e-02 7.490197525883666163e-01 7.438149887492463419e-01 7.937641297449271605e-01
4.909652155501357390e-02 7.559100106791734053e-01 7.506720192234005440e-01 8.013044545237506533e-01
5.009645071092022617e-02 7.628355683503162954e-01 7.574823910257829640e-01 8.087919342017584334e-01
5.109637986682688537e-02 7.714046150118911704e-01 7.642471459461934735e-01 8.162277834771850538e-01
5.209630902273354458e-02 7.774710165909383131e-01 7.709672868381124422e-01 8.236131703325522135e-01
5.309623817864020379e-02 7.845636764177614797e-01 7.776437796420557769e-01 8.309492185316195156e-01
5.409616733454686299e-02 7.918950733080998283e-01 7.842775552751449775e-01 8.382370099465893398e-01
5.509609649045351526e-02 7.975031360697878435e-01 7.908695113975682256e-01 8.454775867294960223e-01
5.609602564636017447e-02 8.061348617010853923e-01 7.974205140656307478e-01 8.526719533403772644e-01
5.709595480226683367e-02 8.132057577964804107e-01 8.039313992801864206e-01 8.598210784436385312e-01
5.809588395817349288e-02 8.206401491208519250e-01 8.104029744384533274e-01 8.669258966829578306e-01
5.909581311408009657e-02 8.253081394726269338e-01 8.168360196965054332e-01 8.739873103441323510e-01
6.009574226998668639e-02 8.325870844691138917e-01 8.232312892490786238e-01 8.810061909144162318e-01
6.109567142589327621e-02 8.394684290665076487e-01 8.295895125327625852e-01 8.879833805461385676e-01
6.209560058179987296e-02 8.456960635807901916e-01 8.359113953581254197e-01 8.949196934317079632e-01
6.309552973770646278e-02 8.517701752034700924e-01 8.421976209758472720e-01 9.018159170964872295e-01
6.409545889361305260e-02 8.586919053711843386e-01 8.484488510815199058e-01 9.086728136154764712e-01
6.509538804951964241e-02 8.636594110085605847e-01 8.546657267633791522e-01 9.154911207592340006e-01
6.609531720542624611e-02 8.690849799359401384e-01 8.608488693968947558e-01 9.222715530740135392e-01
6.709524636133283593e-02 8.749576226682044267e-01 8.669988814898241802e-01 9.290148029006913832e-01
6.809517551723942574e-02 8.841411812392027114e-01 8.731163474810508252e-01 9.357215413366777312e-01
6.909510467314602944e-02 8.889313568699078738e-01 8.792018344962685417e-01 9.423924191446767518e-01
7.009503382905261926e-02 8.959004241134360669e-01 8.852558930633340761e-01 9.490280676118512115e-01
7.109496298495920907e-02 9.006331365911910414e-01 8.912790577898950239e-01 9.556290993626676000e-01
7.209489214086579889e-02 9.084142969916165766e-01 8.972718480057053636e-01 9.621961091284478851e-01
7.309482129677238871e-02 9.136575406304879854e-01 9.032347683718544573e-01 9.687296744764193335e-01
7.409475045267899240e-02 9.190500782125110568e-01 9.091683094589776415e-01 9.752303565008463293e-01
7.509467960858558222e-02 9.262583027529128765e-01 9.150729482963610995e-01 9.816987004786319471e-01
7.609460876449218591e-02 9.314717998698078816e-01 9.209491488937174841e-01 9.881352364916040631e-01
7.709453792039877573e-02 9.388678764803125576e-01 9.267973627372794176e-01 9.945404800175364768e-01
7.809446707630535167e-02 9.437119077587118321e-01 9.326180292617467504e-01 1.000914932491810516e+00
7.909439623221195537e-02 9.489412294625720889e-01 9.384115762995079990e-01 1.007259081841483050e+00
8.009432538811854518e-02 9.534956883179629417e-01 9.441784205084671200e-01 1.013573402993407591e+00
8.109425454402514888e-02 9.589766664533868612e-01 9.499189677797104103e-01 1.019858358357932815e+00
8.209418369993173870e-02 9.644357233827611786e-01 9.556336136261621705e-01 1.026114398289605489e+00
8.309411285583831464e-02 9.719039066827346307e-01 9.613227435533103771e-01 1.032341961526202390e+00
8.409404201174491833e-02 9.777876021285157870e-01 9.669867334130017866e-01 1.038541475607328346e+00
8.509397116765150815e-02 9.832405021778669596e-01 9.726259497412459432e-01 1.044713357273730825e+00
8.609390032355811184e-02 9.871323052985115920e-01 9.782407500809051637e-01 1.050858012848414846e+00
8.709382947946470166e-02 9.941520853892145126e-01 9.838314832900904028e-01 1.056975838600559214e+00
8.809375863537129148e-02 1.000929435208391283e+00 9.893984898370324910e-01 1.063067221093177750e+00
8.909368779127788129e-02 1.004685979418667996e+00 9.949421020821492823e-01 1.069132537515408377e+00
9.009361694718447111e-02 1.010429049778157617e+00 1.000462644547979840e+00 1.075172156000251844e+00
9.109354610309107481e-02 1.017351191921522346e+00 1.005960434177625595e+00 1.081186435928536360e+00
9.209347525899766462e-02 1.020647423304701373e+00 1.011435780582285782e+00 1.087175728219829773e+00
9.309340441490426832e-02 1.028018219385389953e+00 1.016888986278451812e+00 1.093140375610984538e+00
9.409333357081084426e-02 1.031732311991330198e+00 1.022320346915279288e+00 1.099080712922947622e+00
9.509326272671744795e-02 1.038273012201029077e+00 1.027730151492640687e+00 1.104997067316442649e+00
9.609319188262403777e-02 1.043751870205407384e+00 1.033118682570308922e+00 1.110889758537080940e+00
9.709312103853062759e-02 1.049727351885977988e+00 1.038486216468726075e+00 1.116759099150436807e+00
9.809305019443723128e-02 1.053049534200088289e+00 1.043833023461753662e+00 1.122605394767585807e+00
9.909297935034380722e-02 1.059752947614784224e+00 1.049159367961804978e+00 1.128428944261574252e+00
1.000929085062504109e-01 1.067014388227497834e+00 1.054465508697718157e+00 1.134230039975262505e+00
1.010928376621570007e-01 1.070391456878226011e+00 1.059751698885718962e+00 1.140008967920964400e+00
1.020927668180636044e-01 1.076083095497706088e+00 1.065018186393797972e+00 1.145766007972268241e+00
1.030926959739701942e-01 1.081889459120195074e+00 1.070265213899812107e+00 1.151501434048419092e+00
1.040926251298767841e-01 1.087903951359059374e+00 1.075493019043600951e+00 1.157215514291610292e+00
1.050925542857833739e-01 1.090392622833494585e+00 1.080701834573391862e+00 1.162908511237510378e+00
1.060924834416899637e-01 1.097885744538357189e+00 1.085891888486758550e+00 1.168580681979350944e+00
1.070924125975965674e-01 1.103446640684701219e+00 1.091063404166371598e+00 1.174232278325856083e+00
1.080923417535031572e-01 1.110549325323943792e+00 1.096216600510786954e+00 1.179863546953308084e+00
1.090922709094097470e-01 1.117050434646226442e+00 1.101351692060478449e+00 1.185474729552005169e+00
1.100922000653163368e-01 1.121850798996644194e+00 1.106468889119337939e+00 1.191066062967364836e+00
1.110921292212229267e-01 1.127429340299545002e+00 1.111568397871832037e+00 1.196637779335914864e+00
1.120920583771295304e-01 1.132308391789344837e+00 1.116650420496009266e+00 1.202190106216389776e+00
1.130919875330361202e-01 1.138937653275514217e+00 1.121715155272532405e+00 1.207723266716153043e+00
1.140919166889427239e-01 1.142891022570074799e+00 1.126762796689911417e+00 1.213237479613146874e+00
1.150918458448493137e-01 1.149817900111276714e+00 1.131793535546092855e+00 1.218732959473557642e+00
1.160917750007558896e-01 1.157948582471248988e+00 1.136807559046561389e+00 1.224209916765385708e+00
1.170917041566624933e-01 1.159854975085810702e+00 1.141805050899098894e+00 1.229668557968089937e+00
1.180916333125690831e-01 1.165903078169295837e+00 1.146786191405340993e+00 1.235109085678470109e+00
1.190915624684756868e-01 1.171944403772285037e+00 1.151751157549259608e+00 1.240531698712952435e+00
1.200914916243822766e-01 1.175168716594631846e+00 1.156700123082699649e+00 1.245936592206412730e+00
