7.00000e-29 2.00000e+00 3.91270e+04 2.20767e+05
7.14837e-29 2.00000e+00 3.64663e+04 2.25467e+05
7.29989e-29 2.00000e+00 3.43708e+04 2.30266e+05
7.45462e-29 2.00000e+00 3.26586e+04 2.35166e+05
7.61263e-29 2.00000e+00 3.12253e+04 2.40170e+05
7.77399e-29 2.00000e+00 2.99995e+04 2.45280e+05
7.93876e-29 2.00000e+00 2.89328e+04 2.50499e+05
8.10704e-29 2.00000e+00 2.79949e+04 2.55827e+05
8.27887e-29 2.00000e+00 2.71600e+04 2.61269e+05
8.45435e-29 2.00000e+00 2.64100e+04 2.66826e+05
8.63355e-29 2.00000e+00 2.57312e+04 2.72501e+05
8.81655e-29 2.00000e+00 2.51130e+04 2.78298e+05
9.00343e-29 2.00000e+00 2.45463e+04 2.84215e+05
9.19426e-29 2.00000e+00 2.40236e+04 2.90259e+05
9.38915e-29 2.00000e+00 2.35402e+04 2.96432e+05
9.58816e-29 2.00000e+00 2.30902e+04 3.02735e+05
9.79139e-29 2.00000e+00 2.26705e+04 3.09173e+05
9.99893e-29 2.00000e+00 2.22780e+04 3.15746e+05
1.02109e-28 2.00000e+00 2.19083e+04 3.22461e+05
1.04273e-28 2.00000e+00 2.15614e+04 3.29316e+05
1.06483e-28 2.00000e+00 2.12341e+04 3.36318e+05
1.08740e-28 2.00000e+00 2.09235e+04 3.43468e+05
1.11045e-28 2.00000e+00 2.06295e+04 3.50770e+05
1.13399e-28 2.00000e+00 2.03507e+04 3.58228e+05
1.15802e-28 2.00000e+00 2.00840e+04 3.65844e+05
1.18257e-28 2.00000e+00 1.98310e+04 3.73622e+05
1.20764e-28 2.00000e+00 1.95886e+04 3.81565e+05
1.23323e-28 2.00000e+00 1.93568e+04 3.89677e+05
1.25937e-28 2.00000e+00 1.91355e+04 3.97962e+05
1.28607e-28 2.00000e+00 1.89234e+04 4.06423e+05
1.31333e-28 2.00000e+00 1.87189e+04 4.15063e+05
1.34116e-28 2.00000e+00 1.85219e+04 4.23888e+05
1.36959e-28 2.00000e+00 1.83340e+04 4.32900e+05
1.39862e-28 2.00000e+00 1.81522e+04 4.42102e+05
1.42827e-28 2.00000e+00 1.79764e+04 4.51503e+05
1.45854e-28 2.00000e+00 1.78067e+04 4.61102e+05
1.48945e-28 2.00000e+00 1.76431e+04 4.70906e+05
1.52103e-28 2.00000e+00 1.74855e+04 4.80919e+05
1.55326e-28 2.00000e+00 1.73309e+04 4.91144e+05
1.58619e-28 2.00000e+00 1.71840e+04 5.01587e+05
1.61981e-28 2.00000e+00 1.70400e+04 5.12253e+05
1.65414e-28 2.00000e+00 1.69006e+04 5.23145e+05
1.68920e-28 2.00000e+00 1.67643e+04 5.34270e+05
1.72501e-28 2.00000e+00 1.66339e+04 5.45632e+05
1.76157e-28 2.00000e+00 1.65052e+04 5.57235e+05
1.79891e-28 2.00000e+00 1.63824e+04 5.69086e+05
1.83704e-28 2.00000e+00 1.62612e+04 5.81189e+05
1.87598e-28 2.00000e+00 1.61430e+04 5.93550e+05
1.91574e-28 2.00000e+00 1.60294e+04 6.06173e+05
1.95635e-28 2.00000e+00 1.59173e+04 6.19067e+05
1.99781e-28 2.00000e+00 1.58082e+04 6.32234e+05
2.04016e-28 2.00000e+00 1.57021e+04 6.45682e+05
2.08340e-28 2.00000e+00 1.55991e+04 6.59418e+05
2.12756e-28 2.00000e+00 1.54976e+04 6.73444e+05
2.17266e-28 2.00000e+00 1.53991e+04 6.87772e+05
2.21871e-28 2.00000e+00 1.53036e+04 7.02404e+05
2.26574e-28 2.00000e+00 1.52097e+04 7.17348e+05
2.31377e-28 2.00000e+00 1.51172e+04 7.32610e+05
2.36281e-28 2.00000e+00 1.50263e+04 7.48198e+05
2.41289e-28 2.00000e+00 1.49384e+04 7.64118e+05
2.46403e-28 2.00000e+00 1.48521e+04 7.80378e+05
2.51626e-28 2.00000e+00 1.47687e+04 7.96986e+05
2.56960e-28 2.00000e+00 1.46854e+04 8.13947e+05
2.62406e-28 2.00000e+00 1.46051e+04 8.31269e+05
2.67968e-28 2.00000e+00 1.45248e+04 8.48962e+05
2.73648e-28 2.00000e+00 1.44475e+04 8.67032e+05
2.79448e-28 2.00000e+00 1.43718e+04 8.85488e+05
2.85372e-28 2.00000e+00 1.42960e+04 9.04336e+05
2.91420e-28 2.00000e+00 1.42233e+04 9.23589e+05
2.97597e-28 2.00000e+00 1.41505e+04 9.43250e+05
3.03905e-28 2.00000e+00 1.41248e+04 9.63333e+05
3.10347e-28 2.00000e+00 1.41248e+04 9.83844e+05
3.16925e-28 2.00000e+00 1.41187e+04 1.00479e+06
3.23643e-28 2.00000e+00 1.40899e+04 1.02619e+06
3.30502e-28 2.00000e+00 1.40612e+04 1.04804e+06
3.37508e-28 2.00000e+00 1.40308e+04 1.07036e+06
3.44662e-28 2.00000e+00 1.40021e+04 1.09316e+06
3.51967e-28 2.00000e+00 1.39733e+04 1.11644e+06
3.59428e-28 2.00000e+00 1.39460e+04 1.14023e+06
3.67046e-28 2.00000e+00 1.39172e+04 1.16452e+06
3.74826e-28 2.00000e+00 1.38884e+04 1.18933e+06
3.82771e-28 2.00000e+00 1.38596e+04 1.21467e+06
3.90884e-28 2.00000e+00 1.38324e+04 1.24055e+06
3.99169e-28 2.00000e+00 1.38036e+04 1.26698e+06
4.07630e-28 2.00000e+00 1.37763e+04 1.29398e+06
4.16270e-28 2.00000e+00 1.37475e+04 1.32156e+06
4.25094e-28 2.00000e+00 1.37202e+04 1.34972e+06
4.34104e-28 2.00000e+00 1.36930e+04 1.37849e+06
4.43305e-28 2.00000e+00 1.36642e+04 1.40788e+06
4.52701e-28 2.00000e+00 1.36369e+04 1.43789e+06
4.62297e-28 2.00000e+00 1.36096e+04 1.46855e+06
4.72096e-28 2.00000e+00 1.35823e+04 1.49986e+06
4.82102e-28 2.00000e+00 1.35551e+04 1.53184e+06
4.92321e-28 2.00000e+00 1.35278e+04 1.56451e+06
5.02756e-28 2.00000e+00 1.35005e+04 1.59787e+06
5.13413e-28 2.00000e+00 1.34733e+04 1.63195e+06
5.24295e-28 2.00000e+00 1.34475e+04 1.66676e+06
5.35408e-28 2.00000e+00 1.34202e+04 1.70232e+06
5.46757e-28 2.00000e+00 1.33945e+04 1.73864e+06
5.58346e-28 2.00000e+00 1.33672e+04 1.77573e+06
5.70181e-28 2.00000e+00 1.33414e+04 1.81362e+06
5.82266e-28 2.00000e+00 1.33142e+04 1.85233e+06
5.94608e-28 2.00000e+00 1.32884e+04 1.89186e+06
6.07211e-28 2.00000e+00 1.32611e+04 1.93224e+06
6.20082e-28 2.00000e+00 1.32354e+04 1.97348e+06
6.33225e-28 2.00000e+00 1.32096e+04 2.01561e+06
6.46647e-28 2.00000e+00 1.31839e+04 2.05865e+06
6.60354e-28 2.00000e+00 1.31581e+04 2.10260e+06
6.74350e-28 2.00000e+00 1.31323e+04 2.14751e+06
6.88644e-28 2.00000e+00 1.31066e+04 2.19337e+06
7.03241e-28 2.00000e+00 1.30808e+04 2.24022e+06
7.18147e-28 2.00000e+00 1.30551e+04 2.28807e+06
7.33368e-28 2.00000e+00 1.30293e+04 2.33695e+06
7.48913e-28 2.00000e+00 1.30051e+04 2.38688e+06
7.64787e-28 2.00000e+00 1.29793e+04 2.43789e+06
7.80998e-28 2.00000e+00 1.29551e+04 2.48999e+06
7.97552e-28 2.00000e+00 1.29293e+04 2.54321e+06
8.14457e-28 2.00000e+00 1.29035e+04 2.59757e+06
8.31720e-28 2.00000e+00 1.28793e+04 2.65310e+06
8.49349e-28 2.00000e+00 1.28551e+04 2.70983e+06
8.67352e-28 2.00000e+00 1.28293e+04 2.76777e+06
8.85736e-28 2.00000e+00 1.28051e+04 2.82696e+06
9.04511e-28 2.00000e+00 1.27808e+04 2.88743e+06
9.23683e-28 2.00000e+00 1.27566e+04 2.94919e+06
9.43261e-28 2.00000e+00 1.27323e+04 3.01229e+06
9.63255e-28 2.00000e+00 1.27081e+04 3.07674e+06
9.83672e-28 2.00000e+00 1.26838e+04 3.14258e+06
1.00452e-27 2.00000e+00 1.26596e+04 3.36297e+06
1.02581e-27 2.00000e+00 1.26354e+04 3.67036e+06
1.04756e-27 2.00000e+00 1.26111e+04 4.00671e+06
1.06976e-27 2.00000e+00 1.25869e+04 4.37489e+06
1.09244e-27 2.00000e+00 1.25626e+04 4.77810e+06
1.11559e-27 2.00000e+00 1.25399e+04 5.21984e+06
1.13924e-27 2.00000e+00 1.25157e+04 5.70404e+06
1.16338e-27 2.00000e+00 1.24914e+04 6.23502e+06
1.18804e-27 2.00000e+00 1.24687e+04 6.81763e+06
1.21323e-27 2.00000e+00 1.24444e+04 7.45726e+06
1.23894e-27 2.00000e+00 1.24217e+04 8.15989e+06
1.26520e-27 2.00000e+00 1.23990e+04 8.93227e+06
1.29202e-27 2.00000e+00 1.23747e+04 9.78191e+06
1.31941e-27 2.00000e+00 1.23520e+04 1.07172e+07
1.34737e-27 2.00000e+00 1.23293e+04 1.17477e+07
1.37593e-27 2.00000e+00 1.23066e+04 1.28841e+07
1.40510e-27 2.00000e+00 1.22823e+04 1.41384e+07
1.43488e-27 2.00000e+00 1.22596e+04 1.55244e+07
1.46529e-27 2.00000e+00 1.22369e+04 1.70574e+07
1.49635e-27 2.00000e+00 1.22141e+04 1.87553e+07
1.52807e-27 2.00000e+00 1.21914e+04 2.06382e+07
1.56046e-27 2.00000e+00 1.21687e+04 2.27292e+07
1.59353e-27 2.00000e+00 1.21475e+04 2.50551e+07
1.62731e-27 2.00000e+00 1.21247e+04 2.76466e+07
1.66180e-27 2.00000e+00 1.21020e+04 3.05395e+07
1.69702e-27 2.00000e+00 1.20793e+04 3.37757e+07
1.73299e-27 2.00000e+00 1.20581e+04 3.74041e+07
1.76973e-27 2.00000e+00 1.20353e+04 4.14828e+07
1.80724e-27 2.00000e+00 1.20126e+04 4.60807e+07
1.84554e-27 2.00000e+00 1.19914e+04 5.12804e+07
1.88466e-27 2.00000e+00 1.19687e+04 5.71819e+07
1.92461e-27 2.00000e+00 1.19475e+04 6.39072e+07
1.96540e-27 2.00000e+00 1.19247e+04 7.16073e+07
2.00706e-27 2.00000e+00 1.19035e+04 8.04709e+07
2.04961e-27 2.00000e+00 1.18823e+04 9.07378e+07
2.09305e-27 1.00000e+00 1.18596e+04 0.00000e+00
2.13741e-27 1.00000e+00 1.18384e+04 0.00000e+00
2.18272e-27 1.00000e+00 1.18171e+04 0.00000e+00
2.22898e-27 1.00000e+00 1.17959e+04 0.00000e+00
2.27623e-27 1.00000e+00 1.17747e+04 0.00000e+00
2.32448e-27 1.00000e+00 1.17535e+04 0.00000e+00
2.37375e-27 1.00000e+00 1.17323e+04 0.00000e+00
2.42406e-27 1.00000e+00 1.17111e+04 0.00000e+00
2.47544e-27 1.00000e+00 1.16899e+04 0.00000e+00
2.52791e-27 1.00000e+00 1.16687e+04 0.00000e+00
2.58149e-27 1.00000e+00 1.16474e+04 0.00000e+00
2.63621e-27 1.00000e+00 1.16262e+04 0.00000e+00
2.69209e-27 1.00000e+00 1.16050e+04 0.00000e+00
2.74915e-27 1.00000e+00 1.15853e+04 0.00000e+00
2.80742e-27 1.00000e+00 1.15641e+04 0.00000e+00
2.86693e-27 1.00000e+00 1.15429e+04 0.00000e+00
2.92769e-27 1.00000e+00 1.15232e+04 0.00000e+00
2.98975e-27 1.00000e+00 1.15020e+04 0.00000e+00
3.05312e-27 1.00000e+00 1.14808e+04 0.00000e+00
3.11784e-27 1.00000e+00 1.14611e+04 0.00000e+00
3.18392e-27 1.00000e+00 1.14399e+04 0.00000e+00
3.25141e-27 1.00000e+00 1.14202e+04 0.00000e+00
3.32033e-27 1.00000e+00 1.14005e+04 0.00000e+00
3.39070e-27 1.00000e+00 1.13793e+04 0.00000e+00
3.46257e-27 1.00000e+00 1.13596e+04 0.00000e+00
3.53597e-27 1.00000e+00 1.13399e+04 0.00000e+00
3.61091e-27 1.00000e+00 1.13186e+04 0.00000e+00
3.68745e-27 1.00000e+00 1.12990e+04 0.00000e+00
3.76561e-27 1.00000e+00 1.12793e+04 0.00000e+00
3.84543e-27 1.00000e+00 1.12596e+04 0.00000e+00
3.92694e-27 1.00000e+00 1.12399e+04 0.00000e+00
4.01017e-27 1.00000e+00 1.12202e+04 0.00000e+00
4.09517e-27 1.00000e+00 1.12005e+04 0.00000e+00
4.18197e-27 1.00000e+00 1.11808e+04 0.00000e+00
4.27061e-27 1.00000e+00 1.11611e+04 0.00000e+00
4.36113e-27 1.00000e+00 1.11414e+04 0.00000e+00
4.45357e-27 1.00000e+00 1.11217e+04 0.00000e+00
4.54797e-27 1.00000e+00 1.11020e+04 0.00000e+00
4.64437e-27 1.00000e+00 1.10823e+04 0.00000e+00
4.74281e-27 1.00000e+00 1.10626e+04 0.00000e+00
4.84334e-27 1.00000e+00 1.10444e+04 0.00000e+00
4.94600e-27 1.00000e+00 1.10247e+04 0.00000e+00
5.05084e-27 1.00000e+00 1.10050e+04 0.00000e+00
5.15790e-27 1.00000e+00 1.09853e+04 0.00000e+00
5.26722e-27 1.00000e+00 1.09671e+04 0.00000e+00
5.37887e-27 1.00000e+00 1.09474e+04 0.00000e+00
5.49288e-27 1.00000e+00 1.09292e+04 0.00000e+00
5.60931e-27 1.00000e+00 1.09095e+04 0.00000e+00
5.72820e-27 1.00000e+00 1.08914e+04 0.00000e+00
5.84962e-27 1.00000e+00 1.08717e+04 0.00000e+00
5.97361e-27 1.00000e+00 1.08535e+04 0.00000e+00
6.10022e-27 1.00000e+00 1.08338e+04 0.00000e+00
6.22953e-27 1.00000e+00 1.08156e+04 0.00000e+00
6.36157e-27 1.00000e+00 1.07974e+04 0.00000e+00
6.49641e-27 1.00000e+00 1.07777e+04 0.00000e+00
6.63411e-27 1.00000e+00 1.07595e+04 0.00000e+00
6.77472e-27 1.00000e+00 1.07414e+04 0.00000e+00
6.91832e-27 1.00000e+00 1.07217e+04 0.00000e+00
7.06496e-27 1.00000e+00 1.07035e+04 0.00000e+00
7.21471e-27 1.00000e+00 1.06853e+04 0.00000e+00
7.36764e-27 1.00000e+00 1.06671e+04 0.00000e+00
7.52380e-27 1.00000e+00 1.06489e+04 0.00000e+00
7.68328e-27 1.00000e+00 1.06308e+04 0.00000e+00
7.84613e-27 1.00000e+00 1.06111e+04 0.00000e+00
8.01244e-27 1.00000e+00 1.05929e+04 0.00000e+00
8.18227e-27 1.00000e+00 1.05747e+04 0.00000e+00
8.35570e-27 1.00000e+00 1.05565e+04 0.00000e+00
8.53281e-27 1.00000e+00 1.05383e+04 0.00000e+00
8.71367e-27 1.00000e+00 1.05201e+04 0.00000e+00
8.89837e-27 1.00000e+00 1.05035e+04 0.00000e+00
9.08698e-27 1.00000e+00 1.04853e+04 0.00000e+00
9.27959e-27 1.00000e+00 1.04671e+04 0.00000e+00
9.47628e-27 1.00000e+00 1.04489e+04 0.00000e+00
9.67714e-27 1.00000e+00 1.04307e+04 0.00000e+00
9.88226e-27 1.00000e+00 1.04126e+04 0.00000e+00
1.00917e-26 1.00000e+00 1.03944e+04 0.00000e+00
1.03056e-26 1.00000e+00 1.03777e+04 0.00000e+00
1.05241e-26 1.00000e+00 1.03595e+04 0.00000e+00
1.07471e-26 1.00000e+00 1.03413e+04 0.00000e+00
1.09749e-26 1.00000e+00 1.03247e+04 0.00000e+00
1.12076e-26 1.00000e+00 1.03065e+04 0.00000e+00
1.14451e-26 1.00000e+00 1.02883e+04 0.00000e+00
1.16877e-26 1.00000e+00 1.02717e+04 0.00000e+00
1.19354e-26 1.00000e+00 1.02535e+04 0.00000e+00
1.21884e-26 1.00000e+00 1.02353e+04 0.00000e+00
1.24468e-26 1.00000e+00 1.02186e+04 0.00000e+00
1.27106e-26 1.00000e+00 1.02004e+04 0.00000e+00
1.29800e-26 1.00000e+00 1.01838e+04 0.00000e+00
1.32551e-26 1.00000e+00 1.01656e+04 0.00000e+00
1.35361e-26 1.00000e+00 1.01489e+04 0.00000e+00
1.38230e-26 1.00000e+00 1.01307e+04 0.00000e+00
1.41160e-26 1.00000e+00 1.01141e+04 0.00000e+00
1.44152e-26 1.00000e+00 1.00959e+04 0.00000e+00
1.47207e-26 1.00000e+00 1.00792e+04 0.00000e+00
1.50328e-26 1.00000e+00 1.00626e+04 0.00000e+00
1.53514e-26 1.00000e+00 1.00444e+04 0.00000e+00
1.56768e-26 1.00000e+00 1.00277e+04 0.00000e+00
1.60091e-26 1.00000e+00 1.00095e+04 0.00000e+00
1.63484e-26 1.00000e+00 9.99285e+03 0.00000e+00
1.66949e-26 1.00000e+00 9.97619e+03 0.00000e+00
1.70488e-26 1.00000e+00 9.95801e+03 0.00000e+00
1.74102e-26 1.00000e+00 9.94134e+03 0.00000e+00
1.77792e-26 1.00000e+00 9.92467e+03 0.00000e+00
1.81560e-26 1.00000e+00 9.90800e+03 0.00000e+00
1.85409e-26 1.00000e+00 9.88982e+03 0.00000e+00
1.89339e-26 1.00000e+00 9.87315e+03 0.00000e+00
1.93352e-26 1.00000e+00 9.85649e+03 0.00000e+00
1.97450e-26 1.00000e+00 9.83982e+03 0.00000e+00
2.01636e-26 1.00000e+00 9.82164e+03 0.00000e+00
2.05909e-26 1.00000e+00 9.80497e+03 0.00000e+00
2.10274e-26 1.00000e+00 9.78830e+03 0.00000e+00
2.14731e-26 1.00000e+00 9.77164e+03 0.00000e+00
2.19282e-26 1.00000e+00 9.75497e+03 0.00000e+00
2.23930e-26 1.00000e+00 9.73679e+03 0.00000e+00
2.28677e-26 1.00000e+00 9.72012e+03 0.00000e+00
2.33524e-26 1.00000e+00 9.70345e+03 0.00000e+00
2.38474e-26 1.00000e+00 9.68679e+03 0.00000e+00
2.43528e-26 1.00000e+00 9.67012e+03 0.00000e+00
2.48690e-26 1.00000e+00 9.65345e+03 0.00000e+00
2.53961e-26 1.00000e+00 9.63527e+03 0.00000e+00
2.59344e-26 1.00000e+00 9.61860e+03 0.00000e+00
2.64841e-26 1.00000e+00 9.60193e+03 0.00000e+00
2.70455e-26 1.00000e+00 9.58527e+03 0.00000e+00
2.76188e-26 1.00000e+00 9.56860e+03 0.00000e+00
2.82042e-26 1.00000e+00 9.55193e+03 0.00000e+00
2.88020e-26 1.00000e+00 9.53527e+03 0.00000e+00
2.94125e-26 1.00000e+00 9.51860e+03 0.00000e+00
3.00359e-26 1.00000e+00 9.50042e+03 0.00000e+00
3.06726e-26 1.00000e+00 9.48375e+03 0.00000e+00
3.13227e-26 1.00000e+00 9.46708e+03 0.00000e+00
3.19866e-26 1.00000e+00 9.45042e+03 0.00000e+00
3.26646e-26 1.00000e+00 9.43375e+03 0.00000e+00
3.33570e-26 1.00000e+00 9.41708e+03 0.00000e+00
3.40640e-26 1.00000e+00 9.40041e+03 0.00000e+00
3.47860e-26 1.00000e+00 9.38223e+03 0.00000e+00
3.55234e-26 1.00000e+00 9.36556e+03 0.00000e+00
3.62763e-26 1.00000e+00 9.34890e+03 0.00000e+00
3.70452e-26 1.00000e+00 9.33223e+03 0.00000e+00
3.78304e-26 1.00000e+00 9.31556e+03 0.00000e+00
3.86323e-26 1.00000e+00 9.29738e+03 0.00000e+00
3.94512e-26 1.00000e+00 9.28071e+03 0.00000e+00
4.02874e-26 1.00000e+00 9.26405e+03 0.00000e+00
4.11413e-26 1.00000e+00 9.24738e+03 0.00000e+00
4.20133e-26 1.00000e+00 9.22920e+03 0.00000e+00
4.29038e-26 1.00000e+00 9.21253e+03 0.00000e+00
4.38132e-26 1.00000e+00 9.19586e+03 0.00000e+00
4.47419e-26 1.00000e+00 9.17768e+03 0.00000e+00
4.56903e-26 1.00000e+00 9.16101e+03 0.00000e+00
4.66587e-26 1.00000e+00 9.14435e+03 0.00000e+00
4.76477e-26 1.00000e+00 9.12616e+03 0.00000e+00
4.86576e-26 1.00000e+00 9.10950e+03 0.00000e+00
4.96890e-26 1.00000e+00 9.09131e+03 0.00000e+00
5.07422e-26 1.00000e+00 9.07465e+03 0.00000e+00
5.18177e-26 1.00000e+00 9.05798e+03 0.00000e+00
5.29161e-26 1.00000e+00 9.03980e+03 0.00000e+00
5.40377e-26 1.00000e+00 9.02162e+03 0.00000e+00
5.51831e-26 1.00000e+00 9.00495e+03 0.00000e+00
5.63528e-26 1.00000e+00 8.98677e+03 0.00000e+00
5.75472e-26 1.00000e+00 8.96858e+03 0.00000e+00
5.87670e-26 1.00000e+00 8.95192e+03 0.00000e+00
6.00126e-26 1.00000e+00 8.93373e+03 0.00000e+00
6.12846e-26 1.00000e+00 8.91555e+03 0.00000e+00
6.25836e-26 1.00000e+00 8.89737e+03 0.00000e+00
6.39102e-26 1.00000e+00 8.87919e+03 0.00000e+00
6.52648e-26 1.00000e+00 8.86101e+03 0.00000e+00
6.66482e-26 1.00000e+00 8.84282e+03 0.00000e+00
6.80609e-26 1.00000e+00 8.82464e+03 0.00000e+00
6.95035e-26 1.00000e+00 8.80646e+03 0.00000e+00
7.09767e-26 1.00000e+00 8.78828e+03 0.00000e+00
7.24811e-26 1.00000e+00 8.77009e+03 0.00000e+00
7.40174e-26 1.00000e+00 8.75040e+03 0.00000e+00
7.55863e-26 1.00000e+00 8.73221e+03 0.00000e+00
7.71884e-26 1.00000e+00 8.71252e+03 0.00000e+00
7.88245e-26 1.00000e+00 8.69433e+03 0.00000e+00
8.04953e-26 1.00000e+00 8.67464e+03 0.00000e+00
8.22015e-26 1.00000e+00 8.65494e+03 0.00000e+00
8.39438e-26 1.00000e+00 8.63524e+03 0.00000e+00
8.57231e-26 1.00000e+00 8.61706e+03 0.00000e+00
8.75401e-26 1.00000e+00 8.59585e+03 0.00000e+00
8.93956e-26 1.00000e+00 8.57615e+03 0.00000e+00
9.12905e-26 1.00000e+00 8.55645e+03 0.00000e+00
9.32255e-26 1.00000e+00 8.53675e+03 0.00000e+00
9.52015e-26 1.00000e+00 8.51554e+03 0.00000e+00
9.72194e-26 1.00000e+00 8.49433e+03 0.00000e+00
9.92801e-26 1.00000e+00 8.47463e+03 0.00000e+00
1.01384e-25 1.00000e+00 8.45342e+03 0.00000e+00
1.03533e-25 1.00000e+00 8.43221e+03 0.00000e+00
1.05728e-25 1.00000e+00 8.40948e+03 0.00000e+00
1.07969e-25 1.00000e+00 8.38826e+03 0.00000e+00
1.10257e-25 1.00000e+00 8.36554e+03 0.00000e+00
1.12594e-25 1.00000e+00 8.34432e+03 0.00000e+00
1.14981e-25 1.00000e+00 8.32160e+03 0.00000e+00
1.17418e-25 1.00000e+00 8.29735e+03 0.00000e+00
1.19907e-25 1.00000e+00 8.27462e+03 0.00000e+00
1.22449e-25 1.00000e+00 8.25038e+03 0.00000e+00
1.25044e-25 1.00000e+00 8.22614e+03 0.00000e+00
1.27694e-25 1.00000e+00 8.20190e+03 0.00000e+00
1.30401e-25 1.00000e+00 8.17765e+03 0.00000e+00
1.33165e-25 1.00000e+00 8.15189e+03 0.00000e+00
1.35988e-25 1.00000e+00 8.12614e+03 0.00000e+00
1.38870e-25 1.00000e+00 8.09886e+03 0.00000e+00
1.41813e-25 1.00000e+00 8.07159e+03 0.00000e+00
1.44819e-25 1.00000e+00 8.04432e+03 0.00000e+00
1.47889e-25 1.00000e+00 8.01553e+03 0.00000e+00
1.51024e-25 1.00000e+00 7.98674e+03 0.00000e+00
1.54225e-25 1.00000e+00 7.95643e+03 0.00000e+00
1.57494e-25 1.00000e+00 7.92613e+03 0.00000e+00
1.60832e-25 1.00000e+00 7.89431e+03 0.00000e+00
1.64241e-25 1.00000e+00 7.86249e+03 0.00000e+00
1.67722e-25 1.00000e+00 7.82916e+03 0.00000e+00
1.71277e-25 1.00000e+00 7.79431e+03 0.00000e+00
1.74908e-25 1.00000e+00 7.75794e+03 0.00000e+00
1.78615e-25 1.00000e+00 7.72006e+03 0.00000e+00
1.82401e-25 1.00000e+00 7.68218e+03 0.00000e+00
1.86267e-25 1.00000e+00 7.64127e+03 0.00000e+00
1.90215e-25 1.00000e+00 7.59885e+03 0.00000e+00
1.94247e-25 1.00000e+00 7.55339e+03 0.00000e+00
1.98364e-25 1.00000e+00 7.50642e+03 0.00000e+00
2.02569e-25 1.00000e+00 7.45642e+03 0.00000e+00
2.06863e-25 1.00000e+00 7.40339e+03 0.00000e+00
2.11247e-25 1.00000e+00 7.34733e+03 0.00000e+00
2.15725e-25 1.00000e+00 7.28672e+03 0.00000e+00
2.20297e-25 1.00000e+00 7.22157e+03 0.00000e+00
2.24967e-25 1.00000e+00 7.15035e+03 0.00000e+00
2.29735e-25 1.00000e+00 7.07308e+03 0.00000e+00
2.34605e-25 1.00000e+00 6.98823e+03 0.00000e+00
2.39578e-25 1.00000e+00 6.89580e+03 0.00000e+00
2.44656e-25 1.00000e+00 6.79125e+03 0.00000e+00
2.49841e-25 1.00000e+00 6.67761e+03 0.00000e+00
2.55137e-25 1.00000e+00 6.55185e+03 0.00000e+00
2.60545e-25 1.00000e+00 6.41397e+03 0.00000e+00
2.66067e-25 1.00000e+00 6.26396e+03 0.00000e+00
2.71707e-25 1.00000e+00 6.10638e+03 0.00000e+00
2.77466e-25 1.00000e+00 5.94274e+03 0.00000e+00
2.83347e-25 1.00000e+00 5.77456e+03 0.00000e+00
2.89353e-25 1.00000e+00 5.60788e+03 0.00000e+00
2.95486e-25 1.00000e+00 5.44273e+03 0.00000e+00
3.01750e-25 1.00000e+00 5.28060e+03 0.00000e+00
3.08145e-25 1.00000e+00 5.12302e+03 0.00000e+00
3.14677e-25 1.00000e+00 4.88665e+03 0.00000e+00
3.21347e-25 1.00000e+00 4.47300e+03 0.00000e+00
3.28158e-25 1.00000e+00 4.09572e+03 0.00000e+00
3.35114e-25 1.00000e+00 3.75480e+03 0.00000e+00
3.42217e-25 1.00000e+00 3.44570e+03 0.00000e+00
3.49471e-25 1.00000e+00 3.16388e+03 0.00000e+00
3.56878e-25 1.00000e+00 2.90932e+03 0.00000e+00
3.64442e-25 1.00000e+00 2.67901e+03 0.00000e+00
3.72167e-25 1.00000e+00 2.46840e+03 0.00000e+00
3.80056e-25 1.00000e+00 2.27900e+03 0.00000e+00
3.88111e-25 1.00000e+00 2.10476e+03 0.00000e+00
3.96338e-25 1.00000e+00 1.94718e+03 0.00000e+00
4.04739e-25 1.00000e+00 1.80475e+03 0.00000e+00
4.13318e-25 1.00000e+00 1.67444e+03 0.00000e+00
4.22078e-25 1.00000e+00 1.55626e+03 0.00000e+00
4.31025e-25 1.00000e+00 1.44716e+03 0.00000e+00
4.40161e-25 1.00000e+00 1.34867e+03 0.00000e+00
4.49490e-25 1.00000e+00 1.25776e+03 0.00000e+00
4.59018e-25 1.00000e+00 1.17594e+03 0.00000e+00
4.68747e-25 1.00000e+00 1.10018e+03 0.00000e+00
4.78683e-25 1.00000e+00 1.03200e+03 0.00000e+00
4.88829e-25 1.00000e+00 9.68360e+02 0.00000e+00
4.99190e-25 1.00000e+00 9.10783e+02 0.00000e+00
5.09771e-25 1.00000e+00 8.56236e+02 0.00000e+00
5.20576e-25 1.00000e+00 8.07750e+02 0.00000e+00
5.31611e-25 1.00000e+00 7.62294e+02 0.00000e+00
5.42879e-25 1.00000e+00 7.21384e+02 0.00000e+00
5.54386e-25 1.00000e+00 6.81988e+02 0.00000e+00
5.66136e-25 1.00000e+00 6.47139e+02 0.00000e+00
5.78136e-25 1.00000e+00 6.13805e+02 0.00000e+00
5.90390e-25 1.00000e+00 5.83501e+02 0.00000e+00
6.02904e-25 1.00000e+00 5.56227e+02 0.00000e+00
6.15684e-25 1.00000e+00 5.28954e+02 0.00000e+00
6.28734e-25 1.00000e+00 5.04711e+02 0.00000e+00
6.42060e-25 1.00000e+00 4.81983e+02 0.00000e+00
6.55670e-25 1.00000e+00 4.60770e+02 0.00000e+00
6.69567e-25 1.00000e+00 4.41073e+02 0.00000e+00
6.83759e-25 1.00000e+00 4.22890e+02 0.00000e+00
6.98252e-25 1.00000e+00 4.06223e+02 0.00000e+00
7.13053e-25 1.00000e+00 3.89556e+02 0.00000e+00
7.28167e-25 1.00000e+00 3.74404e+02 0.00000e+00
7.43601e-25 1.00000e+00 3.59252e+02 0.00000e+00
7.59362e-25 1.00000e+00 3.47131e+02 0.00000e+00
7.75458e-25 1.00000e+00 3.33494e+02 0.00000e+00
7.91895e-25 1.00000e+00 3.21372e+02 0.00000e+00
8.08680e-25 1.00000e+00 3.10766e+02 0.00000e+00
8.25820e-25 1.00000e+00 3.00160e+02 0.00000e+00
8.43325e-25 1.00000e+00 2.91068e+02 0.00000e+00
8.61200e-25 1.00000e+00 2.80462e+02 0.00000e+00
8.79454e-25 1.00000e+00 2.71371e+02 0.00000e+00
8.98095e-25 1.00000e+00 2.63795e+02 0.00000e+00
9.17131e-25 1.00000e+00 2.56219e+02 0.00000e+00
9.36571e-25 1.00000e+00 2.47128e+02 0.00000e+00
9.56422e-25 1.00000e+00 2.41067e+02 0.00000e+00
9.76695e-25 1.00000e+00 2.33491e+02 0.00000e+00
9.97397e-25 1.00000e+00 2.27430e+02 0.00000e+00
1.01854e-24 1.00000e+00 2.21370e+02 0.00000e+00
1.04013e-24 1.00000e+00 2.15309e+02 0.00000e+00
1.06217e-24 1.00000e+00 2.09248e+02 0.00000e+00
1.08469e-24 1.00000e+00 2.03187e+02 0.00000e+00
1.10768e-24 1.00000e+00 1.98642e+02 0.00000e+00
1.13116e-24 1.00000e+00 1.94096e+02 0.00000e+00
1.15513e-24 1.00000e+00 1.89550e+02 0.00000e+00
1.17962e-24 1.00000e+00 1.85005e+02 0.00000e+00
1.20462e-24 1.00000e+00 1.80459e+02 0.00000e+00
1.23015e-24 1.00000e+00 1.75914e+02 0.00000e+00
1.25623e-24 1.00000e+00 1.71368e+02 0.00000e+00
1.28286e-24 1.00000e+00 1.68338e+02 0.00000e+00
1.31005e-24 1.00000e+00 1.63792e+02 0.00000e+00
1.33781e-24 1.00000e+00 1.60762e+02 0.00000e+00
1.36617e-24 1.00000e+00 1.57731e+02 0.00000e+00
1.39513e-24 1.00000e+00 1.54701e+02 0.00000e+00
1.42470e-24 1.00000e+00 1.50155e+02 0.00000e+00
1.45490e-24 1.00000e+00 1.47125e+02 0.00000e+00
1.48574e-24 1.00000e+00 1.44095e+02 0.00000e+00
1.51723e-24 1.00000e+00 1.42579e+02 0.00000e+00
1.54939e-24 1.00000e+00 1.39549e+02 0.00000e+00
1.58223e-24 1.00000e+00 1.36519e+02 0.00000e+00
1.61577e-24 1.00000e+00 1.33488e+02 0.00000e+00
1.65001e-24 1.00000e+00 1.31973e+02 0.00000e+00
1.68499e-24 1.00000e+00 1.28943e+02 0.00000e+00
1.72070e-24 1.00000e+00 1.27428e+02 0.00000e+00
1.75717e-24 1.00000e+00 1.24397e+02 0.00000e+00
1.79442e-24 1.00000e+00 1.22882e+02 0.00000e+00
1.83245e-24 1.00000e+00 1.19852e+02 0.00000e+00
1.87129e-24 1.00000e+00 1.18336e+02 0.00000e+00
1.91096e-24 1.00000e+00 1.16821e+02 0.00000e+00
1.95146e-24 1.00000e+00 1.13791e+02 0.00000e+00
1.99283e-24 1.00000e+00 1.12276e+02 0.00000e+00
2.03507e-24 1.00000e+00 1.10760e+02 0.00000e+00
2.07820e-24 1.00000e+00 1.09245e+02 0.00000e+00
2.12225e-24 1.00000e+00 1.07730e+02 0.00000e+00
2.16724e-24 1.00000e+00 1.06215e+02 0.00000e+00
2.21317e-24 1.00000e+00 1.04700e+02 0.00000e+00
2.26008e-24 1.00000e+00 1.01669e+02 0.00000e+00
2.30799e-24 1.00000e+00 1.00154e+02 0.00000e+00
2.35691e-24 1.00000e+00 9.86388e+01 0.00000e+00
2.40687e-24 1.00000e+00 9.86388e+01 0.00000e+00
2.45788e-24 1.00000e+00 9.71236e+01 0.00000e+00
2.50998e-24 1.00000e+00 9.56085e+01 0.00000e+00
2.56318e-24 1.00000e+00 9.40933e+01 0.00000e+00
2.61751e-24 1.00000e+00 9.25781e+01 0.00000e+00
2.67299e-24 1.00000e+00 9.10629e+01 0.00000e+00
2.72965e-24 1.00000e+00 8.95477e+01 0.00000e+00
2.78751e-24 1.00000e+00 8.95477e+01 0.00000e+00
2.84659e-24 1.00000e+00 8.80325e+01 0.00000e+00
2.90693e-24 1.00000e+00 8.65173e+01 0.00000e+00
2.96854e-24 1.00000e+00 8.50021e+01 0.00000e+00
3.03147e-24 1.00000e+00 8.50021e+01 0.00000e+00
3.09572e-24 1.00000e+00 8.34869e+01 0.00000e+00
3.16134e-24 1.00000e+00 8.19717e+01 0.00000e+00
3.22835e-24 1.00000e+00 8.19717e+01 0.00000e+00
3.29677e-24 1.00000e+00 8.04565e+01 0.00000e+00
3.36665e-24 1.00000e+00 7.89413e+01 0.00000e+00
3.43801e-24 1.00000e+00 7.89413e+01 0.00000e+00
3.51088e-24 1.00000e+00 7.74261e+01 0.00000e+00
3.58530e-24 1.00000e+00 7.59109e+01 0.00000e+00
3.66130e-24 1.00000e+00 7.59109e+01 0.00000e+00
3.73890e-24 1.00000e+00 7.43957e+01 0.00000e+00
3.81815e-24 1.00000e+00 7.43957e+01 0.00000e+00
3.89908e-24 1.00000e+00 7.28805e+01 0.00000e+00
3.98173e-24 1.00000e+00 7.28805e+01 0.00000e+00
4.06612e-24 1.00000e+00 7.13654e+01 0.00000e+00
4.15231e-24 1.00000e+00 7.13654e+01 0.00000e+00
4.24032e-24 1.00000e+00 6.98502e+01 0.00000e+00
4.33020e-24 1.00000e+00 6.98502e+01 0.00000e+00
4.42198e-24 1.00000e+00 6.83350e+01 0.00000e+00
4.51571e-24 1.00000e+00 6.83350e+01 0.00000e+00
4.61143e-24 1.00000e+00 6.68198e+01 0.00000e+00
4.70917e-24 1.00000e+00 6.68198e+01 0.00000e+00
4.80899e-24 1.00000e+00 6.53046e+01 0.00000e+00
4.91092e-24 1.00000e+00 6.53046e+01 0.00000e+00
5.01501e-24 1.00000e+00 6.37894e+01 0.00000e+00
5.12131e-24 1.00000e+00 6.37894e+01 0.00000e+00
5.22986e-24 1.00000e+00 6.37894e+01 0.00000e+00
5.34072e-24 1.00000e+00 6.22742e+01 0.00000e+00
5.45392e-24 1.00000e+00 6.22742e+01 0.00000e+00
5.56952e-24 1.00000e+00 6.07590e+01 0.00000e+00
5.68757e-24 1.00000e+00 6.07590e+01 0.00000e+00
5.80813e-24 1.00000e+00 6.07590e+01 0.00000e+00
5.93124e-24 1.00000e+00 5.92438e+01 0.00000e+00
6.05695e-24 1.00000e+00 5.92438e+01 0.00000e+00
6.18534e-24 1.00000e+00 5.77286e+01 0.00000e+00
6.31644e-24 1.00000e+00 5.77286e+01 0.00000e+00
6.45033e-24 1.00000e+00 5.77286e+01 0.00000e+00
6.58705e-24 1.00000e+00 5.62134e+01 0.00000e+00
6.72667e-24 1.00000e+00 5.62134e+01 0.00000e+00
6.86925e-24 1.00000e+00 5.62134e+01 0.00000e+00
7.01485e-24 1.00000e+00 5.46982e+01 0.00000e+00
7.16354e-24 1.00000e+00 5.46982e+01 0.00000e+00
7.31538e-24 1.00000e+00 5.46982e+01 0.00000e+00
7.47043e-24 1.00000e+00 5.46982e+01 0.00000e+00
7.62878e-24 1.00000e+00 5.31830e+01 0.00000e+00
7.79048e-24 1.00000e+00 5.31830e+01 0.00000e+00
7.95561e-24 1.00000e+00 5.31830e+01 0.00000e+00
8.12423e-24 1.00000e+00 5.16678e+01 0.00000e+00
8.29643e-24 1.00000e+00 5.16678e+01 0.00000e+00
8.47229e-24 1.00000e+00 5.16678e+01 0.00000e+00
8.65187e-24 1.00000e+00 5.16678e+01 0.00000e+00
8.83525e-24 1.00000e+00 5.01526e+01 0.00000e+00
9.02252e-24 1.00000e+00 5.01526e+01 0.00000e+00
9.21377e-24 1.00000e+00 5.01526e+01 0.00000e+00
9.40906e-24 1.00000e+00 4.86374e+01 0.00000e+00
9.60850e-24 1.00000e+00 4.86374e+01 0.00000e+00
9.81216e-24 1.00000e+00 4.86374e+01 0.00000e+00
1.00201e-23 1.00000e+00 4.86374e+01 0.00000e+00
1.02325e-23 1.00000e+00 4.71222e+01 0.00000e+00
1.04494e-23 1.00000e+00 4.71222e+01 0.00000e+00
1.06709e-23 1.00000e+00 4.71222e+01 0.00000e+00
1.08971e-23 1.00000e+00 4.71222e+01 0.00000e+00
1.11281e-23 1.00000e+00 4.71222e+01 0.00000e+00
1.13639e-23 1.00000e+00 4.56071e+01 0.00000e+00
1.16048e-23 1.00000e+00 4.56071e+01 0.00000e+00
1.18508e-23 1.00000e+00 4.56071e+01 0.00000e+00
1.21020e-23 1.00000e+00 4.56071e+01 0.00000e+00
1.23585e-23 1.00000e+00 4.40919e+01 0.00000e+00
1.26204e-23 1.00000e+00 4.40919e+01 0.00000e+00
1.28879e-23 1.00000e+00 4.40919e+01 0.00000e+00
1.31611e-23 1.00000e+00 4.40919e+01 0.00000e+00
1.34401e-23 1.00000e+00 4.40919e+01 0.00000e+00
1.37250e-23 1.00000e+00 4.25767e+01 0.00000e+00
1.40159e-23 1.00000e+00 4.25767e+01 0.00000e+00
1.43130e-23 1.00000e+00 4.25767e+01 0.00000e+00
1.46163e-23 1.00000e+00 4.25767e+01 0.00000e+00
1.49261e-23 1.00000e+00 4.25767e+01 0.00000e+00
1.52425e-23 1.00000e+00 4.10615e+01 0.00000e+00
1.55656e-23 1.00000e+00 4.10615e+01 0.00000e+00
1.58955e-23 1.00000e+00 4.10615e+01 0.00000e+00
1.62325e-23 1.00000e+00 4.10615e+01 0.00000e+00
1.65765e-23 1.00000e+00 4.10615e+01 0.00000e+00
1.69279e-23 1.00000e+00 4.10615e+01 0.00000e+00
1.72867e-23 1.00000e+00 3.95463e+01 0.00000e+00
1.76531e-23 1.00000e+00 3.95463e+01 0.00000e+00
1.80273e-23 1.00000e+00 3.95463e+01 0.00000e+00
1.84094e-23 1.00000e+00 3.95463e+01 0.00000e+00
1.87996e-23 1.00000e+00 3.95463e+01 0.00000e+00
1.91981e-23 1.00000e+00 3.95463e+01 0.00000e+00
1.96050e-23 1.00000e+00 3.80311e+01 0.00000e+00
2.00205e-23 1.00000e+00 3.80311e+01 0.00000e+00
2.04449e-23 1.00000e+00 3.80311e+01 0.00000e+00
2.08782e-23 1.00000e+00 3.80311e+01 0.00000e+00
2.13208e-23 1.00000e+00 3.80311e+01 0.00000e+00
2.17727e-23 1.00000e+00 3.80311e+01 0.00000e+00
2.22342e-23 1.00000e+00 3.65159e+01 0.00000e+00
2.27055e-23 1.00000e+00 3.65159e+01 0.00000e+00
2.31867e-23 1.00000e+00 3.65159e+01 0.00000e+00
2.36782e-23 1.00000e+00 3.65159e+01 0.00000e+00
2.41801e-23 1.00000e+00 3.65159e+01 0.00000e+00
2.46926e-23 1.00000e+00 3.65159e+01 0.00000e+00
2.52160e-23 1.00000e+00 3.65159e+01 0.00000e+00
2.57505e-23 1.00000e+00 3.50007e+01 0.00000e+00
2.62963e-23 1.00000e+00 3.50007e+01 0.00000e+00
2.68537e-23 1.00000e+00 3.50007e+01 0.00000e+00
2.74229e-23 1.00000e+00 3.50007e+01 0.00000e+00
2.80041e-23 1.00000e+00 3.50007e+01 0.00000e+00
2.85977e-23 1.00000e+00 3.50007e+01 0.00000e+00
2.92039e-23 1.00000e+00 3.50007e+01 0.00000e+00
2.98229e-23 1.00000e+00 3.50007e+01 0.00000e+00
3.04550e-23 1.00000e+00 3.34855e+01 0.00000e+00
3.11005e-23 1.00000e+00 3.34855e+01 0.00000e+00
3.17597e-23 1.00000e+00 3.34855e+01 0.00000e+00
3.24329e-23 1.00000e+00 3.34855e+01 0.00000e+00
3.31204e-23 1.00000e+00 3.34855e+01 0.00000e+00
3.38224e-23 1.00000e+00 3.34855e+01 0.00000e+00
3.45393e-23 1.00000e+00 3.34855e+01 0.00000e+00
3.52714e-23 1.00000e+00 3.34855e+01 0.00000e+00
3.60190e-23 1.00000e+00 3.19703e+01 0.00000e+00
3.67825e-23 1.00000e+00 3.19703e+01 0.00000e+00
3.75621e-23 1.00000e+00 3.19703e+01 0.00000e+00
3.83583e-23 1.00000e+00 3.19703e+01 0.00000e+00
3.91713e-23 1.00000e+00 3.19703e+01 0.00000e+00
4.00016e-23 1.00000e+00 3.19703e+01 0.00000e+00
4.08495e-23 1.00000e+00 3.19703e+01 0.00000e+00
4.17153e-23 1.00000e+00 3.19703e+01 0.00000e+00
4.25995e-23 1.00000e+00 3.19703e+01 0.00000e+00
4.35025e-23 1.00000e+00 3.04551e+01 0.00000e+00
4.44246e-23 1.00000e+00 3.04551e+01 0.00000e+00
4.53662e-23 1.00000e+00 3.04551e+01 0.00000e+00
4.63278e-23 1.00000e+00 3.04551e+01 0.00000e+00
4.73097e-23 1.00000e+00 3.04551e+01 0.00000e+00
4.83125e-23 1.00000e+00 3.04551e+01 0.00000e+00
4.93366e-23 1.00000e+00 3.04551e+01 0.00000e+00
5.03823e-23 1.00000e+00 3.04551e+01 0.00000e+00
5.14502e-23 1.00000e+00 3.04551e+01 0.00000e+00
5.25407e-23 1.00000e+00 3.04551e+01 0.00000e+00
5.36544e-23 1.00000e+00 2.89399e+01 0.00000e+00
5.47917e-23 1.00000e+00 2.89399e+01 0.00000e+00
5.59530e-23 1.00000e+00 2.89399e+01 0.00000e+00
5.71390e-23 1.00000e+00 2.89399e+01 0.00000e+00
5.83501e-23 1.00000e+00 2.89399e+01 0.00000e+00
5.95869e-23 1.00000e+00 2.89399e+01 0.00000e+00
6.08500e-23 1.00000e+00 2.89399e+01 0.00000e+00
6.21397e-23 1.00000e+00 2.89399e+01 0.00000e+00
6.34569e-23 1.00000e+00 2.89399e+01 0.00000e+00
6.48019e-23 1.00000e+00 2.89399e+01 0.00000e+00
6.61754e-23 1.00000e+00 2.89399e+01 0.00000e+00
6.75781e-23 1.00000e+00 2.74247e+01 0.00000e+00
6.90105e-23 1.00000e+00 2.74247e+01 0.00000e+00
7.04732e-23 1.00000e+00 2.74247e+01 0.00000e+00
7.19670e-23 1.00000e+00 2.74247e+01 0.00000e+00
7.34924e-23 1.00000e+00 2.74247e+01 0.00000e+00
7.50502e-23 1.00000e+00 2.74247e+01 0.00000e+00
7.66409e-23 1.00000e+00 2.74247e+01 0.00000e+00
7.82654e-23 1.00000e+00 2.74247e+01 0.00000e+00
7.99243e-23 1.00000e+00 2.74247e+01 0.00000e+00
8.16184e-23 1.00000e+00 2.74247e+01 0.00000e+00
8.33484e-23 1.00000e+00 2.74247e+01 0.00000e+00
8.51151e-23 1.00000e+00 2.74247e+01 0.00000e+00
8.69192e-23 1.00000e+00 2.59095e+01 0.00000e+00
8.87615e-23 1.00000e+00 2.59095e+01 0.00000e+00
9.06429e-23 1.00000e+00 2.59095e+01 0.00000e+00
9.25642e-23 1.00000e+00 2.59095e+01 0.00000e+00
9.45262e-23 1.00000e+00 2.59095e+01 0.00000e+00
9.65298e-23 1.00000e+00 2.59095e+01 0.00000e+00
9.85759e-23 1.00000e+00 2.59095e+01 0.00000e+00
1.00665e-22 1.00000e+00 2.59095e+01 0.00000e+00
1.02799e-22 1.00000e+00 2.59095e+01 0.00000e+00
1.04978e-22 1.00000e+00 2.59095e+01 0.00000e+00
1.07203e-22 1.00000e+00 2.59095e+01 0.00000e+00
1.09475e-22 1.00000e+00 2.59095e+01 0.00000e+00
1.11796e-22 1.00000e+00 2.59095e+01 0.00000e+00
1.14165e-22 1.00000e+00 2.59095e+01 0.00000e+00
1.16585e-22 1.00000e+00 2.43943e+01 0.00000e+00
1.19056e-22 1.00000e+00 2.43943e+01 0.00000e+00
1.21580e-22 1.00000e+00 2.43943e+01 0.00000e+00
1.24157e-22 1.00000e+00 2.43943e+01 0.00000e+00
1.26789e-22 1.00000e+00 2.43943e+01 0.00000e+00
1.29476e-22 1.00000e+00 2.43943e+01 0.00000e+00
1.32220e-22 1.00000e+00 2.43943e+01 0.00000e+00
1.35023e-22 1.00000e+00 2.43943e+01 0.00000e+00
1.37885e-22 1.00000e+00 2.43943e+01 0.00000e+00
1.40808e-22 1.00000e+00 2.43943e+01 0.00000e+00
1.43792e-22 1.00000e+00 2.43943e+01 0.00000e+00
1.46840e-22 1.00000e+00 2.43943e+01 0.00000e+00
1.49952e-22 1.00000e+00 2.43943e+01 0.00000e+00
1.53131e-22 1.00000e+00 2.43943e+01 0.00000e+00
1.56377e-22 1.00000e+00 2.43943e+01 0.00000e+00
1.59691e-22 1.00000e+00 2.28791e+01 0.00000e+00
1.63076e-22 1.00000e+00 2.28791e+01 0.00000e+00
1.66533e-22 1.00000e+00 2.28791e+01 0.00000e+00
1.70062e-22 1.00000e+00 2.28791e+01 0.00000e+00
1.73667e-22 1.00000e+00 2.28791e+01 0.00000e+00
1.77348e-22 1.00000e+00 2.28791e+01 0.00000e+00
1.81107e-22 1.00000e+00 2.28791e+01 0.00000e+00
1.84946e-22 1.00000e+00 2.28791e+01 0.00000e+00
1.88866e-22 1.00000e+00 2.28791e+01 0.00000e+00
1.92869e-22 1.00000e+00 2.28791e+01 0.00000e+00
1.96957e-22 1.00000e+00 2.28791e+01 0.00000e+00
2.01132e-22 1.00000e+00 2.28791e+01 0.00000e+00
2.05395e-22 1.00000e+00 2.28791e+01 0.00000e+00
2.09749e-22 1.00000e+00 2.28791e+01 0.00000e+00
2.14195e-22 1.00000e+00 2.28791e+01 0.00000e+00
2.18735e-22 1.00000e+00 2.28791e+01 0.00000e+00
2.23371e-22 1.00000e+00 2.28791e+01 0.00000e+00
2.28106e-22 1.00000e+00 2.28791e+01 0.00000e+00
2.32941e-22 1.00000e+00 2.13640e+01 0.00000e+00
2.37878e-22 1.00000e+00 2.13640e+01 0.00000e+00
2.42920e-22 1.00000e+00 2.13640e+01 0.00000e+00
2.48069e-22 1.00000e+00 2.13640e+01 0.00000e+00
2.53327e-22 1.00000e+00 2.13640e+01 0.00000e+00
2.58697e-22 1.00000e+00 2.13640e+01 0.00000e+00
2.64180e-22 1.00000e+00 2.13640e+01 0.00000e+00
2.69780e-22 1.00000e+00 2.13640e+01 0.00000e+00
2.75498e-22 1.00000e+00 2.13640e+01 0.00000e+00
2.81338e-22 1.00000e+00 2.13640e+01 0.00000e+00
2.87301e-22 1.00000e+00 2.13640e+01 0.00000e+00
2.93391e-22 1.00000e+00 2.13640e+01 0.00000e+00
2.99609e-22 1.00000e+00 2.13640e+01 0.00000e+00
3.05960e-22 1.00000e+00 2.13640e+01 0.00000e+00
3.12445e-22 1.00000e+00 2.13640e+01 0.00000e+00
3.19068e-22 1.00000e+00 2.13640e+01 0.00000e+00
3.25831e-22 1.00000e+00 2.13640e+01 0.00000e+00
3.32737e-22 1.00000e+00 2.13640e+01 0.00000e+00
3.39790e-22 1.00000e+00 2.13640e+01 0.00000e+00
3.46992e-22 1.00000e+00 2.13640e+01 0.00000e+00
3.54347e-22 1.00000e+00 1.98488e+01 0.00000e+00
3.61857e-22 1.00000e+00 1.98488e+01 0.00000e+00
3.69527e-22 1.00000e+00 1.98488e+01 0.00000e+00
3.77360e-22 1.00000e+00 1.98488e+01 0.00000e+00
3.85359e-22 1.00000e+00 1.98488e+01 0.00000e+00
3.93527e-22 1.00000e+00 1.98488e+01 0.00000e+00
4.01868e-22 1.00000e+00 1.98488e+01 0.00000e+00
4.10386e-22 1.00000e+00 1.98488e+01 0.00000e+00
4.19084e-22 1.00000e+00 1.98488e+01 0.00000e+00
4.27967e-22 1.00000e+00 1.98488e+01 0.00000e+00
4.37039e-22 1.00000e+00 1.98488e+01 0.00000e+00
4.46302e-22 1.00000e+00 1.98488e+01 0.00000e+00
4.55762e-22 1.00000e+00 1.98488e+01 0.00000e+00
4.65422e-22 1.00000e+00 1.98488e+01 0.00000e+00
4.75287e-22 1.00000e+00 1.98488e+01 0.00000e+00
4.85362e-22 1.00000e+00 1.98488e+01 0.00000e+00
4.95650e-22 1.00000e+00 1.98488e+01 0.00000e+00
5.06155e-22 1.00000e+00 1.98488e+01 0.00000e+00
5.16884e-22 1.00000e+00 1.98488e+01 0.00000e+00
5.27840e-22 1.00000e+00 1.98488e+01 0.00000e+00
5.39028e-22 1.00000e+00 1.98488e+01 0.00000e+00
5.50453e-22 1.00000e+00 1.98488e+01 0.00000e+00
5.62121e-22 1.00000e+00 1.98488e+01 0.00000e+00
5.74035e-22 1.00000e+00 1.83336e+01 0.00000e+00
5.86203e-22 1.00000e+00 1.83336e+01 0.00000e+00
5.98628e-22 1.00000e+00 1.83336e+01 0.00000e+00
6.11317e-22 1.00000e+00 1.83336e+01 0.00000e+00
6.24274e-22 1.00000e+00 1.83336e+01 0.00000e+00
6.37506e-22 1.00000e+00 1.83336e+01 0.00000e+00
6.51019e-22 1.00000e+00 1.83336e+01 0.00000e+00
6.64818e-22 1.00000e+00 1.83336e+01 0.00000e+00
6.78909e-22 1.00000e+00 1.83336e+01 0.00000e+00
6.93300e-22 1.00000e+00 1.83336e+01 0.00000e+00
7.07995e-22 1.00000e+00 1.83336e+01 0.00000e+00
7.23002e-22 1.00000e+00 1.83336e+01 0.00000e+00
7.38326e-22 1.00000e+00 1.83336e+01 0.00000e+00
7.53976e-22 1.00000e+00 1.83336e+01 0.00000e+00
7.69957e-22 1.00000e+00 1.83336e+01 0.00000e+00
7.86278e-22 1.00000e+00 1.83336e+01 0.00000e+00
8.02944e-22 1.00000e+00 1.83336e+01 0.00000e+00
8.19963e-22 1.00000e+00 1.83336e+01 0.00000e+00
8.37343e-22 1.00000e+00 1.83336e+01 0.00000e+00
8.55091e-22 1.00000e+00 1.83336e+01 0.00000e+00
8.73216e-22 1.00000e+00 1.83336e+01 0.00000e+00
8.91725e-22 1.00000e+00 1.83336e+01 0.00000e+00
9.10626e-22 1.00000e+00 1.83336e+01 0.00000e+00
9.29927e-22 1.00000e+00 1.83336e+01 0.00000e+00
9.49638e-22 1.00000e+00 1.83336e+01 0.00000e+00
9.69767e-22 1.00000e+00 1.83336e+01 0.00000e+00
9.90322e-22 1.00000e+00 1.83336e+01 0.00000e+00
1.01131e-21 1.00000e+00 1.68184e+01 0.00000e+00
1.03275e-21 1.00000e+00 1.68184e+01 0.00000e+00
1.05464e-21 1.00000e+00 1.68184e+01 0.00000e+00
1.07699e-21 1.00000e+00 1.68184e+01 0.00000e+00
1.09982e-21 1.00000e+00 1.68184e+01 0.00000e+00
1.12313e-21 1.00000e+00 1.68184e+01 0.00000e+00
1.14694e-21 1.00000e+00 1.68184e+01 0.00000e+00
1.17125e-21 1.00000e+00 1.68184e+01 0.00000e+00
1.19608e-21 1.00000e+00 1.68184e+01 0.00000e+00
1.22143e-21 1.00000e+00 1.68184e+01 0.00000e+00
1.24732e-21 1.00000e+00 1.68184e+01 0.00000e+00
1.27376e-21 1.00000e+00 1.68184e+01 0.00000e+00
1.30075e-21 1.00000e+00 1.68184e+01 0.00000e+00
1.32833e-21 1.00000e+00 1.68184e+01 0.00000e+00
1.35648e-21 1.00000e+00 1.68184e+01 0.00000e+00
1.38523e-21 1.00000e+00 1.68184e+01 0.00000e+00
1.41459e-21 1.00000e+00 1.68184e+01 0.00000e+00
1.44458e-21 1.00000e+00 1.68184e+01 0.00000e+00
1.47520e-21 1.00000e+00 1.68184e+01 0.00000e+00
1.50647e-21 1.00000e+00 1.68184e+01 0.00000e+00
1.53840e-21 1.00000e+00 1.68184e+01 0.00000e+00
1.57101e-21 1.00000e+00 1.68184e+01 0.00000e+00
1.60430e-21 1.00000e+00 1.68184e+01 0.00000e+00
1.63831e-21 1.00000e+00 1.68184e+01 0.00000e+00
1.67304e-21 1.00000e+00 1.68184e+01 0.00000e+00
1.70850e-21 1.00000e+00 1.68184e+01 0.00000e+00
1.74471e-21 1.00000e+00 1.68184e+01 0.00000e+00
1.78169e-21 1.00000e+00 1.68184e+01 0.00000e+00
1.81946e-21 1.00000e+00 1.68184e+01 0.00000e+00
1.85802e-21 1.00000e+00 1.68184e+01 0.00000e+00
1.89740e-21 1.00000e+00 1.68184e+01 0.00000e+00
1.93762e-21 1.00000e+00 1.68184e+01 0.00000e+00
1.97869e-21 1.00000e+00 1.53032e+01 0.00000e+00
2.02063e-21 1.00000e+00 1.53032e+01 0.00000e+00
2.06346e-21 1.00000e+00 1.53032e+01 0.00000e+00
2.10720e-21 1.00000e+00 1.53032e+01 0.00000e+00
2.15186e-21 1.00000e+00 1.53032e+01 0.00000e+00
2.19747e-21 1.00000e+00 1.53032e+01 0.00000e+00
2.24405e-21 1.00000e+00 1.53032e+01 0.00000e+00
2.29162e-21 1.00000e+00 1.53032e+01 0.00000e+00
2.34019e-21 1.00000e+00 1.53032e+01 0.00000e+00
2.38979e-21 1.00000e+00 1.53032e+01 0.00000e+00
2.44045e-21 1.00000e+00 1.53032e+01 0.00000e+00
2.49218e-21 1.00000e+00 1.53032e+01 0.00000e+00
2.54500e-21 1.00000e+00 1.53032e+01 0.00000e+00
2.59895e-21 1.00000e+00 1.53032e+01 0.00000e+00
2.65403e-21 1.00000e+00 1.53032e+01 0.00000e+00
2.71029e-21 1.00000e+00 1.53032e+01 0.00000e+00
2.76774e-21 1.00000e+00 1.53032e+01 0.00000e+00
2.82640e-21 1.00000e+00 1.53032e+01 0.00000e+00
2.88631e-21 1.00000e+00 1.53032e+01 0.00000e+00
2.94749e-21 1.00000e+00 1.53032e+01 0.00000e+00
3.00996e-21 1.00000e+00 1.53032e+01 0.00000e+00
3.07376e-21 1.00000e+00 1.53032e+01 0.00000e+00
3.13891e-21 1.00000e+00 1.53032e+01 0.00000e+00
3.20545e-21 1.00000e+00 1.53032e+01 0.00000e+00
3.27339e-21 1.00000e+00 1.53032e+01 0.00000e+00
3.34277e-21 1.00000e+00 1.53032e+01 0.00000e+00
3.41363e-21 1.00000e+00 1.53032e+01 0.00000e+00
3.48598e-21 1.00000e+00 1.53032e+01 0.00000e+00
3.55987e-21 1.00000e+00 1.53032e+01 0.00000e+00
3.63533e-21 1.00000e+00 1.53032e+01 0.00000e+00
3.71238e-21 1.00000e+00 1.53032e+01 0.00000e+00
3.79107e-21 1.00000e+00 1.53032e+01 0.00000e+00
3.87142e-21 1.00000e+00 1.53032e+01 0.00000e+00
3.95348e-21 1.00000e+00 1.53032e+01 0.00000e+00
4.03728e-21 1.00000e+00 1.53032e+01 0.00000e+00
4.12286e-21 1.00000e+00 1.53032e+01 0.00000e+00
4.21025e-21 1.00000e+00 1.53032e+01 0.00000e+00
4.29949e-21 1.00000e+00 1.53032e+01 0.00000e+00
4.39062e-21 1.00000e+00 1.37880e+01 0.00000e+00
4.48368e-21 1.00000e+00 1.37880e+01 0.00000e+00
4.57872e-21 1.00000e+00 1.37880e+01 0.00000e+00
4.67577e-21 1.00000e+00 1.37880e+01 0.00000e+00
4.77488e-21 1.00000e+00 1.37880e+01 0.00000e+00
4.87609e-21 1.00000e+00 1.37880e+01 0.00000e+00
4.97944e-21 1.00000e+00 1.37880e+01 0.00000e+00
5.08499e-21 1.00000e+00 1.37880e+01 0.00000e+00
5.19277e-21 1.00000e+00 1.37880e+01 0.00000e+00
5.30283e-21 1.00000e+00 1.37880e+01 0.00000e+00
5.41523e-21 1.00000e+00 1.37880e+01 0.00000e+00
5.53001e-21 1.00000e+00 1.37880e+01 0.00000e+00
5.64723e-21 1.00000e+00 1.37880e+01 0.00000e+00
5.76693e-21 1.00000e+00 1.37880e+01 0.00000e+00
5.88917e-21 1.00000e+00 1.37880e+01 0.00000e+00
6.01399e-21 1.00000e+00 1.37880e+01 0.00000e+00
6.14147e-21 1.00000e+00 1.37880e+01 0.00000e+00
6.27164e-21 1.00000e+00 1.37880e+01 0.00000e+00
6.40457e-21 1.00000e+00 1.37880e+01 0.00000e+00
6.54033e-21 1.00000e+00 1.37880e+01 0.00000e+00
6.67896e-21 1.00000e+00 1.37880e+01 0.00000e+00
6.82052e-21 1.00000e+00 1.37880e+01 0.00000e+00
6.96509e-21 1.00000e+00 1.37880e+01 0.00000e+00
7.11273e-21 1.00000e+00 1.37880e+01 0.00000e+00
7.26349e-21 1.00000e+00 1.37880e+01 0.00000e+00
7.41744e-21 1.00000e+00 1.37880e+01 0.00000e+00
7.57467e-21 1.00000e+00 1.37880e+01 0.00000e+00
7.73522e-21 1.00000e+00 1.37880e+01 0.00000e+00
7.89918e-21 1.00000e+00 1.37880e+01 0.00000e+00
8.06661e-21 1.00000e+00 1.37880e+01 0.00000e+00
8.23759e-21 1.00000e+00 1.37880e+01 0.00000e+00
8.41219e-21 1.00000e+00 1.37880e+01 0.00000e+00
8.59050e-21 1.00000e+00 1.37880e+01 0.00000e+00
8.77258e-21 1.00000e+00 1.37880e+01 0.00000e+00
8.95853e-21 1.00000e+00 1.37880e+01 0.00000e+00
9.14841e-21 1.00000e+00 1.37880e+01 0.00000e+00
9.34232e-21 1.00000e+00 1.37880e+01 0.00000e+00
9.54034e-21 1.00000e+00 1.37880e+01 0.00000e+00
9.74256e-21 1.00000e+00 1.37880e+01 0.00000e+00
9.94907e-21 1.00000e+00 1.37880e+01 0.00000e+00
1.01599e-20 1.00000e+00 1.37880e+01 0.00000e+00
1.03753e-20 1.00000e+00 1.37880e+01 0.00000e+00
1.05952e-20 1.00000e+00 1.37880e+01 0.00000e+00
1.08198e-20 1.00000e+00 1.37880e+01 0.00000e+00
1.10491e-20 1.00000e+00 1.37880e+01 0.00000e+00
1.12833e-20 1.00000e+00 1.37880e+01 0.00000e+00
1.15225e-20 1.00000e+00 1.37880e+01 0.00000e+00
1.17667e-20 1.00000e+00 1.22728e+01 0.00000e+00
1.20161e-20 1.00000e+00 1.22728e+01 0.00000e+00
1.22708e-20 1.00000e+00 1.22728e+01 0.00000e+00
1.25309e-20 1.00000e+00 1.22728e+01 0.00000e+00
1.27965e-20 1.00000e+00 1.22728e+01 0.00000e+00
1.30678e-20 1.00000e+00 1.22728e+01 0.00000e+00
1.33447e-20 1.00000e+00 1.22728e+01 0.00000e+00
1.36276e-20 1.00000e+00 1.22728e+01 0.00000e+00
1.39165e-20 1.00000e+00 1.22728e+01 0.00000e+00
1.42114e-20 1.00000e+00 1.22728e+01 0.00000e+00
1.45127e-20 1.00000e+00 1.22728e+01 0.00000e+00
1.48203e-20 1.00000e+00 1.22728e+01 0.00000e+00
1.51344e-20 1.00000e+00 1.22728e+01 0.00000e+00
1.54552e-20 1.00000e+00 1.22728e+01 0.00000e+00
1.57828e-20 1.00000e+00 1.22728e+01 0.00000e+00
1.61173e-20 1.00000e+00 1.22728e+01 0.00000e+00
1.64589e-20 1.00000e+00 1.22728e+01 0.00000e+00
1.68078e-20 1.00000e+00 1.22728e+01 0.00000e+00
1.71641e-20 1.00000e+00 1.22728e+01 0.00000e+00
1.75279e-20 1.00000e+00 1.22728e+01 0.00000e+00
1.78994e-20 1.00000e+00 1.22728e+01 0.00000e+00
1.82788e-20 1.00000e+00 1.22728e+01 0.00000e+00
1.86662e-20 1.00000e+00 1.22728e+01 0.00000e+00
1.90619e-20 1.00000e+00 1.22728e+01 0.00000e+00
1.94659e-20 1.00000e+00 1.22728e+01 0.00000e+00
1.98785e-20 1.00000e+00 1.22728e+01 0.00000e+00
2.02999e-20 1.00000e+00 1.22728e+01 0.00000e+00
2.07301e-20 1.00000e+00 1.22728e+01 0.00000e+00
2.11695e-20 1.00000e+00 1.22728e+01 0.00000e+00
2.16183e-20 1.00000e+00 1.22728e+01 0.00000e+00
2.20765e-20 1.00000e+00 1.22728e+01 0.00000e+00
2.25444e-20 1.00000e+00 1.22728e+01 0.00000e+00
2.30223e-20 1.00000e+00 1.22728e+01 0.00000e+00
2.35103e-20 1.00000e+00 1.22728e+01 0.00000e+00
2.40086e-20 1.00000e+00 1.22728e+01 0.00000e+00
2.45175e-20 1.00000e+00 1.22728e+01 0.00000e+00
2.50371e-20 1.00000e+00 1.22728e+01 0.00000e+00
2.55678e-20 1.00000e+00 1.22728e+01 0.00000e+00
2.61098e-20 1.00000e+00 1.22728e+01 0.00000e+00
2.66632e-20 1.00000e+00 1.22728e+01 0.00000e+00
2.72283e-20 1.00000e+00 1.22728e+01 0.00000e+00
2.78055e-20 1.00000e+00 1.22728e+01 0.00000e+00
2.83948e-20 1.00000e+00 1.22728e+01 0.00000e+00
2.89967e-20 1.00000e+00 1.22728e+01 0.00000e+00
2.96113e-20 1.00000e+00 1.22728e+01 0.00000e+00
3.02390e-20 1.00000e+00 1.22728e+01 0.00000e+00
3.08799e-20 1.00000e+00 1.22728e+01 0.00000e+00
3.15345e-20 1.00000e+00 1.22728e+01 0.00000e+00
3.22029e-20 1.00000e+00 1.22728e+01 0.00000e+00
3.28854e-20 1.00000e+00 1.22728e+01 0.00000e+00
3.35825e-20 1.00000e+00 1.22728e+01 0.00000e+00
3.42943e-20 1.00000e+00 1.22728e+01 0.00000e+00
3.50212e-20 1.00000e+00 1.22728e+01 0.00000e+00
3.57635e-20 1.00000e+00 1.22728e+01 0.00000e+00
3.65216e-20 1.00000e+00 1.22728e+01 0.00000e+00
3.72957e-20 1.00000e+00 1.22728e+01 0.00000e+00
3.80862e-20 1.00000e+00 1.22728e+01 0.00000e+00
3.88935e-20 1.00000e+00 1.22728e+01 0.00000e+00
3.97179e-20 1.00000e+00 1.22728e+01 0.00000e+00
4.05597e-20 1.00000e+00 1.22728e+01 0.00000e+00
4.14194e-20 1.00000e+00 1.07576e+01 0.00000e+00
4.22974e-20 1.00000e+00 1.07576e+01 0.00000e+00
4.31939e-20 1.00000e+00 1.07576e+01 0.00000e+00
4.41094e-20 1.00000e+00 1.07576e+01 0.00000e+00
4.50444e-20 1.00000e+00 1.07576e+01 0.00000e+00
4.59992e-20 1.00000e+00 1.07576e+01 0.00000e+00
4.69742e-20 1.00000e+00 1.07576e+01 0.00000e+00
4.79698e-20 1.00000e+00 1.07576e+01 0.00000e+00
4.89866e-20 1.00000e+00 1.07576e+01 0.00000e+00
5.00249e-20 1.00000e+00 1.07576e+01 0.00000e+00
5.10853e-20 1.00000e+00 1.07576e+01 0.00000e+00
5.21681e-20 1.00000e+00 1.07576e+01 0.00000e+00
5.32738e-20 1.00000e+00 1.07576e+01 0.00000e+00
5.44030e-20 1.00000e+00 1.07576e+01 0.00000e+00
5.55562e-20 1.00000e+00 1.07576e+01 0.00000e+00
5.67337e-20 1.00000e+00 1.07576e+01 0.00000e+00
5.79363e-20 1.00000e+00 1.07576e+01 0.00000e+00
5.91643e-20 1.00000e+00 1.07576e+01 0.00000e+00
6.04183e-20 1.00000e+00 1.07576e+01 0.00000e+00
6.16990e-20 1.00000e+00 1.07576e+01 0.00000e+00
6.30067e-20 1.00000e+00 1.07576e+01 0.00000e+00
6.43422e-20 1.00000e+00 1.07576e+01 0.00000e+00
6.57060e-20 1.00000e+00 1.07576e+01 0.00000e+00
6.70988e-20 1.00000e+00 1.07576e+01 0.00000e+00
6.85210e-20 1.00000e+00 1.07576e+01 0.00000e+00
6.99734e-20 1.00000e+00 1.07576e+01 0.00000e+00
7.14565e-20 1.00000e+00 1.07576e+01 0.00000e+00
7.29711e-20 1.00000e+00 1.07576e+01 0.00000e+00
7.45178e-20 1.00000e+00 1.07576e+01 0.00000e+00
7.60973e-20 1.00000e+00 1.07576e+01 0.00000e+00
7.77103e-20 1.00000e+00 1.07576e+01 0.00000e+00
7.93574e-20 1.00000e+00 1.07576e+01 0.00000e+00
8.10395e-20 1.00000e+00 1.07576e+01 0.00000e+00
8.27572e-20 1.00000e+00 1.07576e+01 0.00000e+00
8.45114e-20 1.00000e+00 1.07576e+01 0.00000e+00
8.63027e-20 1.00000e+00 1.07576e+01 0.00000e+00
8.81319e-20 1.00000e+00 1.07576e+01 0.00000e+00
